705.070704797 4.068729461
705.257706876 4.256290494
705.562365403 4.560348738
705.92697963 4.925057499
706.127141436 5.125778474
706.148286586 5.145850278
706.212718622 5.210370884
706.292646677 5.290565132
706.431184556 5.428642345
706.437347613 5.435359063
706.495286613 5.492805558
706.546900329 5.544580045
706.556093623 5.553205536
706.619177418 5.6172470180000005
706.66018934 5.658781432
706.685320922 5.682987674
706.747906618 5.745104433
706.772668197 5.7711796070000005
706.812965273 5.812334384
706.875981244 5.8741122400000005
706.883049084 5.880930313
706.924886613 5.923661074
706.980060856 5.978947115
706.988650447 5.986763133
707.012408092 6.009956153
707.052968441 6.05241928
707.109196169 6.106881236
707.125839036 6.124006043
707.135851087 6.133204274
707.213075371 6.210596665
707.22457715 6.223862433
707.238989363 6.236620111
707.278080108 6.276089762
707.338024391 6.337560801
707.341528049 6.339089661
707.354096459 6.352646577
707.406526325 6.404191812
707.450666596 6.448662152
707.466821111 6.465698573
707.469897539 6.469514693
707.54303689 6.540925022
707.562287768 6.56030822
707.588324061 6.5864287610000005
707.598685145 6.5966661030000004
707.664028902 6.661641966
707.695582533 6.693680277
707.727107031 6.725222084
707.791042316 6.788545007
707.84106155 6.839624537
707.851080372 6.84908215
707.856657843 6.855471541
707.912637748 6.910825302
707.935036268 6.932672413
707.964107678 6.962254946
707.999515647 6.99754228
708.017502307 7.015897517
708.064080266 7.062838549
708.091024665 7.089958272
708.116381748 7.114502469
708.161634194 7.159149798
708.179474754 7.176929595
708.242500084 7.240373769
708.248795153 7.248398297
708.27527436 7.273453336
708.306625434 7.305837536
708.338727091 7.337164129
708.342513019 7.340030441
708.371627653 7.369772116
708.402152738 7.399742559
708.434400982 7.433004352
708.466304455 7.4643389110000005
708.466977015 7.466040295
708.499857873 7.498450699
708.530254497 7.527599797
708.561997481 7.559893985
708.566024099 7.564088854
708.59573052 7.593280097
708.626823071 7.624511627
708.658666331 7.657523071
708.678348705 7.67593429
708.689934129 7.689329802
708.723343529 7.721929981
708.755309571 7.753013948
708.787708299 7.7845192700000005
708.791840082 7.789747253
708.820054784 7.817693172
708.861226228 7.86039269
708.886228154 7.883911363
708.908084 7.905203019
708.932816215 7.9296112700000005
708.950084981 7.947395812
708.997647669 7.995298167
709.012502041 8.010132567
709.014332023 8.011883918
709.059566288 8.056520791
709.076673611 8.075083711
709.125612621 8.122418437
709.127635489 8.126150497
709.141506473 8.139126961
709.1895145 8.188039588
709.203954222 8.202145187
709.24007587 8.237605378
709.252505342 8.25188634
709.268732291 8.268017349
709.316555096 8.315178348
709.332939678 8.331039122
709.3527007 8.350207936
709.379940644 8.377882712
709.396737686 8.393939546
709.444800159 8.442381335
709.460035769 8.458122077
709.466502791 8.464870544
709.51050542 8.508128332
709.525857406 8.523912847
709.576083618 8.57406804
709.577581866 8.575251955
709.591722099 8.59058698
709.640520761 8.639798581
709.656957258 8.655048511
709.705948553 8.703580175
709.713328392 8.710926667
709.720432341 8.717754264
709.78795336 8.785080531
709.788371542 8.785655442
709.836556366 8.835105262
709.850110398 8.848085055
709.851334361 8.848700903
709.914919981 8.912976637
709.915491266 8.913106397
709.954755775 8.953901892
709.984106741 8.98090333
710.012258819 9.009746293
710.041938219 9.038750442
710.059551467 9.056640479
710.0744965 9.07210286
710.106361343 9.10474719
710.140509226 9.137818106
710.170607701 9.168469143
710.172375866 9.171426507
710.203073837 9.201001325
710.234928288 9.233057883
710.266819593 9.265731798000001
710.284637078 9.283438469
710.298754422 9.295557884
710.318657524 9.315417216
710.331929889 9.329463256
710.426388374 9.423933842
710.520577212 9.515316486
710.522510421 9.520173383
710.551705833 9.549573344
710.557821983 9.554525613
710.585327316 9.580824854
710.648428269 9.642924525
710.657666997 9.655666685
710.658085895 9.652685855
710.713980281 9.710729555
710.770471653 9.766320137
710.776814051 9.773606214
710.846222804 9.841169991
710.882218772 9.878545697
710.926216669 9.921461934
710.99616413 9.992155683
711.011302081 10.008021037
711.053843673 10.050565521
711.117950621 10.114282978
711.123763073 10.119074827
711.182025982 10.1767408
711.244689699 10.240071433
711.256842718 10.253676131
711.308635907 10.303543633
711.37265065 10.370175114
711.375878374 10.371861191
711.440015942 10.436496021
711.449275412 10.447445494
711.483517432 10.479618892
711.504717607 10.500048343
711.563393219 10.562295474999999
711.569972423 10.566721529
711.596988784 10.593133444
711.635668881 10.63010594
711.699967655 10.696676703
711.708970754 10.708015768
711.712981367 10.707816953
711.762854798 10.758301233000001
711.829189937 10.826764403
711.829286981 10.826787909
711.832367823 10.826940716
711.891416516 10.88765655
711.948726467 10.947291128
711.955684602 10.951961935
711.97144201 10.96620925
712.031423637 11.025863241
712.08358913 11.08023843
712.098779792 11.093249824
712.179001262 11.174847492
712.195991715 11.19280849
712.244788731 11.240647674
712.261636879 11.260144363
712.309047798 11.303535807
712.309265101 11.303916302
712.372008719 11.367479018000001
712.42106445 11.418411134
712.431866472 11.429421842
712.45185849 11.44857898
712.514923438 11.511562931
712.533361175 11.528035342
712.587683345 11.582142385000001
712.616017105 11.614010293
712.643985177 11.638582335
712.644082775 11.638522015
712.707576359 11.703812331
712.757661184 11.75432989
712.783443465 11.777847136
712.865229139 11.859674939
712.893312141 11.890805988
712.901961848 11.899536386
712.921429254 11.917713894
712.988651974 11.98495885
713.001886914 11.998651434
713.053826738 12.049024398
713.110602587 12.107440738
713.11116234 12.107842724
713.138370082 12.135600914
713.175148201 12.169734106
713.233624887 12.231188674
713.254587134 12.249708954
713.310795148 12.307383713
713.337288522 12.333443361
713.343513254 12.342118941
713.369348633 12.364358701
713.434001382 12.430988108
713.449908217 12.445179497
713.521900604 12.516470246
713.547771059 12.543209482
713.582828329 12.581293314
713.590002314 12.585724029
713.651317259 12.646328569
713.655514508 12.650331096
713.714774884 12.713397896
713.717206438 12.713233666
713.771440813 12.767759713
713.778973989 12.773824622
713.847038723 12.84378247
713.893864608 12.891228817
713.898928449 12.896601003
713.941106005 12.937534098
714.003684355 12.999327652
714.006274123 13.003356296
714.07078013 13.06588572
714.116996662 13.112426821
714.130912328 13.129433002
714.13559123 13.131913869
714.153838319 13.150489085
714.199593646 13.196911236
714.218238753 13.210504547
714.229352577 13.225697854
714.263800705 13.259225981
714.268733799 13.266896181
714.282995183 13.27924933
714.327829295 13.324143071
714.338801788 13.335207547
714.3458159 13.34194313
714.394194725 13.390969392
714.427249431 13.420806018
714.458442522 13.455293966
714.461352605 13.457209375
714.461744672 13.460793637
714.494670747 13.49140932
714.553605258 13.545455804
714.554783979 13.550270878
714.578804312 13.573382315
714.589349936 13.586863634
714.635240919 13.629829112
714.63594403 13.632629856
714.638049657 13.631450502
714.704734193 13.698672228
714.705081222 13.701186119
714.710331858 13.705120924
714.719870322 13.717393809
714.791912323 13.788353874
714.79501835 13.791328042
714.816628441 13.81169327
714.863772134 13.855987132
714.866746177 13.863159683
714.926773201 13.923776175
714.929369842 13.926042352
714.929770599 13.923241777
715.013408296 14.008748678
715.015753585 14.012168231
715.06353314 14.062365493
715.080096834 14.075718246
715.082262471 14.077714656
715.100030007 14.096416312
715.13927792 14.132198643
715.140911264 14.136078329
715.202389638 14.195832598
715.206589864 14.201266379
715.213648094 14.210348736
715.267705188 14.264103694
715.269605929 14.265699517
715.342592026 14.339888247
715.359780114 14.352095645
715.362150073 14.358884315
715.389617515 14.384875169
715.433162194 14.42927727
715.434323864 14.427054532
715.504579039 14.500867341
715.506380243 14.499963412
715.51274032 14.509524299
715.541165986 14.539780909000001
715.576094787 14.569836731
715.579369264 14.576045618
715.62327811 14.618294563
715.64532255 14.640346651
715.647636787 14.643509019
715.704286115 14.7010015
715.705547933 14.701640486
715.721233308 14.718289431
715.721882039 14.719951655
715.766931029 14.762783869
715.782358052 14.776770557
715.83354691 14.827871056
715.833696763 14.831272528
715.846692622 14.841027134
715.885136514 14.881492242
715.898249669 14.892363784
715.909901058 14.906205769
715.939979001 14.938401641
715.959389302 14.956189936
715.963167536 14.959888252
715.974781967 14.969978511
715.996672504 14.993641743
716.024221113 15.019575602
716.041022726 15.038308819
716.073361001 15.070875167
716.091047239 15.086064889
716.103699659 15.095575356
716.110495334 15.107994309
716.153505177 15.148474201
716.166300169 15.163147708
716.186474795 15.183277764
716.189412062 15.187549776000001
716.218288656 15.211847509
716.226367998 15.221552707
716.23156915 15.22617669
716.283230008 15.277716543
716.295901702 15.291330293
716.301397794 15.296175416
716.337603902 15.333220024
716.346063453 15.339091135
716.360143442 15.354974297
716.384838044 15.382872704
716.411292754 15.406756128
716.414058168 15.410697299
716.423013359 15.420303861
716.449405309 15.446102448
716.475235901 15.471536175
716.487952287 15.482424676
716.526478008 15.524086312
716.547238281 15.541290372
716.554059193 15.547701854
716.563918376 15.561940357
716.586143105 15.585065977
716.603255453 15.599553201
716.616262614 15.613096674
716.639599391 15.635619763
716.667190163 15.662168322
716.676790033 15.673600403
716.680249022 15.676495192
716.69446697 15.692089733
716.731271976 15.725071176
716.743956858 15.737531623
716.754121824 15.751195217
716.789856008 15.784644254
716.792942441 15.786871761
716.793936471 15.789628567
716.857839287 15.853474864
716.860449007 15.853410989
716.865019427 15.862236738
716.896711897 15.893539159
716.901364144 15.896331681
716.921771749 15.914494699
716.924202635 15.918580022
716.976141582 15.973667066
716.985222938 15.978621942
716.988078936 15.98480734
717.012866217 16.007936804
717.049541878 16.045652627
717.051715388 16.047850876
717.081381915 16.075121298
717.088768457 16.085408193
717.117612174 16.109923929
717.121576646 16.116971355
717.127750598 16.124386529
717.150784322 16.141882227
717.184038517 16.178862657
717.187298422 16.179771536
717.207910885 16.203759929
717.215307052 16.206312516
717.241178717 16.236569033
717.254140098 16.246908249
717.256056882 16.249968396
717.288706981 16.281448004
717.3131156 16.307688638
717.313648331 16.307296912
717.316983607 16.314570667
717.336316515 16.331078633
717.347435635 16.340968034
717.379286985 16.376777949
717.381025783 16.375502053
717.411174368 16.402300249
717.429370876 16.426187089
717.444982686 16.438209825
717.446897258 16.439085753
717.448765584 16.443449688
717.477699472 16.4698867
717.52400575 16.520592573000002
717.528057571 16.52017775
717.540529568 16.534029666
717.572779834 16.569937843
717.576891184 16.574335312
717.6054749 16.598882224
717.607760421 16.598258941
717.607931004 16.602512295
717.685881355 16.678343168
717.690265832 16.685528297
717.69101412 16.685948137
717.702190943 16.698503439
717.706316325 16.703483892
717.767878385 16.760300471
717.769118196 16.761264814
717.770413267 16.762442239
717.818626683 16.81528698
717.823938523 16.819174813
717.829313248 16.826060688
717.831113678 16.826839728
717.835119786 16.826602354
717.895071335 16.891328916
717.895925542 16.892348426
717.927684731 16.921000363
717.927913584 16.924736114
717.932754239 16.928101306
717.961584627 16.957046845
717.962020437 16.956124749
717.98956723 16.979661464
718.023463618 17.019619183
718.025390386 17.017683465
718.041014664 17.035756361
718.046985877 17.044622331
718.05461522 17.048105329
718.087548936 17.084106538
718.090411191 17.083382728
718.120713867 17.114268294
718.15271622 17.146445223
718.153178228 17.148124641
718.15486397 17.150984439
718.158869267 17.154736915
718.175663996 17.173263293
718.186183631 17.179508297
718.21529421 17.208989226
718.218382502 17.213786768
718.24971419 17.243145749
718.266311548 17.260809993
718.272076325 17.269652403
718.27911526 17.276293834
718.283147506 17.278748429
718.315084785 17.30881116
718.345016513 17.339675018
718.346240516 17.339968501
718.376824634 17.367871941
718.378724664 17.374777921
718.384067204 17.379021958
718.408905109 17.405172327
718.410841219 17.407523626
718.442060183 17.435009407
718.472464365 17.469225846
718.475365635 17.4699512
718.492787037 17.490138073
718.496655696 17.49323163
718.50649735 17.500272523
718.538930041 17.5329963
718.540152587 17.536923822
718.569648337 17.559910416
718.601735608 17.597573337
718.602586113 17.594832116
718.60520073 17.602728245
718.608645815 17.605501663
718.632099446 17.622280005
718.668602701 17.660486068
718.668795467 17.661015314
718.6985395 17.691456244
718.717020267 17.712198853
718.722180657 17.719160879
718.73083246 17.727564592
718.733720593 17.727269094
718.762654344 17.756389742
718.79411101 17.7859508
718.79650914 17.790443741
718.833239131 17.824135056
718.834009405 17.832052466
718.83419771 17.82922451
718.861089486 17.857761994
718.862738311 17.856849731
718.910566813 17.904322536
718.934286577 17.926367002
718.934392525 17.926568373
718.96490689 17.961264744
718.972161133 17.963454758
718.974375759 17.96977974
718.987320451 17.983665012
718.990397063 17.985287173
719.036639975 18.030095669
719.051573825 18.0464469
719.053787474 18.048183955
719.075976838 18.07236964
719.087017192 18.08458428
719.101852405 18.095700058
719.119090445 18.112642826
719.119172391 18.114197811
719.165809625 18.159667444
719.189326128 18.184808865
719.352444649 18.346847451
719.354692968 18.349943409
719.36536388 18.362865399
719.387435378 18.378986888
719.417587036 18.411011836
719.419548935 18.414682929
719.431843378 18.429199485
719.450922188 18.441485827
719.478636237 18.475329789
719.482942851 18.475865735
719.485067506 18.481207906
719.516273273 18.506999134
719.545587069 18.543630048
719.553602252 18.550390103
719.556766612 18.551446681
719.581643835 18.574148166
719.590979546 18.588206728
719.611509673 18.603191731
719.613242358 18.606590831
719.644204377 18.637242778
719.658339437 18.653814821
719.674739364 18.668865831
719.677829141 18.671765114
719.702089611 18.69960134
719.708901864 18.699145643
719.731642554 18.723227963
719.739436302 18.731956946
719.742589565 18.737021894
719.77159435 18.76248172
719.773170569 18.770826187
719.806013265 18.799436265
719.807522543 18.804182084
719.815764413 18.811623645
719.835831372 18.827010689
719.867419296 18.862377883
719.870109514 18.864584381
719.899505034 18.894190463
719.920446053 18.911594598
719.931209949 18.926670865
719.979867872 18.973215468
719.997037764 18.991138907
720.011478952 19.010263966
720.045017285 19.038428451
720.048750042 19.042493477
720.060427783 19.055226212
720.108596273 19.098190223
720.122740159 19.114799769
720.123627101 19.119926038
720.172789632 19.166341867
720.188038445 19.182165727
720.236770621 19.228455828
720.236853728 19.235696274
720.250229108 19.243588063
720.250716019 19.246585072
720.283414994 19.275663397
720.316863621 19.310581781
720.348999348 19.340991912
720.351888258 19.346648044
720.358504214 19.354807873
720.381235747 19.376425733
720.428720303 19.419936896
720.46491806 19.461485646
720.491336301 19.48263764
720.514336195 19.509476969
720.574545834 19.565628477
720.609662713 19.607728427
720.637441716 19.633070494000002
720.638097299 19.628217371
720.716692801 19.710225313
720.723221215 19.718062186
720.781267461 19.7749695
720.786376117 19.780773343
720.8350907 19.831171745
720.847042836 19.837269354
720.926648866 19.918161697
720.940517287 19.932632833
720.988878007 19.980362322
721.062010859 20.05679547
721.070707937 20.063721127
721.136136373 20.129156595
721.164727404 20.160285873
721.172351182 20.168396801
721.196994151 20.189908929
721.259868257 20.249816284
721.28564135 20.284242908
721.298379775 20.289900154
721.326001513 20.318739756
721.417598502 20.40879793
721.429754329 20.426505265
721.481705437 20.475114909
721.494887794 20.48782976
721.541929527 20.539230468
721.547707959 20.539632726
721.597781327 20.58929335
721.655442197 20.649856178
721.659815143 20.656647734
721.66344515 20.655841805
721.72885851 20.720657448
721.773428072 20.770706731
721.791207148 20.785692595
721.830781878 20.824512848
721.859348844 20.850995704
721.900372902 20.897870648
721.923302788 20.915594246
721.960550632 20.95257728
721.985089754 20.976364512
722.013137711 21.009382258
722.050449238 21.044182911
722.065841294 21.060330366
722.113693325 21.106638733
722.124686229 21.119412041
722.181720296 21.173015549
722.184337496 21.173520401
722.200845983 21.19434239
722.239263543 21.234055291
722.263220548 21.256716019
722.28398676 21.273977573
722.317422164 21.311125172
722.32685752 21.319023356
722.353115951 21.350402849
722.507554282 21.497549387
722.522340446 21.513303196
722.565135636 21.55810331
722.576580447 21.573337543
722.62895057 21.620431589
722.634337502 21.629454446
722.637059176 21.628256534
722.689735586 21.686873083000002
722.694381793 21.68732592
722.748317104 21.73949734
722.758047314 21.75025216
722.80434068 21.800953087
722.820710494 21.811880694
722.857524237 21.851248026
722.862314125 21.854119157
722.892339135 21.882366904
722.915325812 21.913471801
722.951810088 21.945368334
722.975574539 21.966570992
723.016728309 22.009464958
723.026805717 22.024318398
723.080533679 22.071508909
723.086362659 22.076103209
723.110443509 22.107484383
723.147255976 22.139464255
723.303760865 22.30053069
723.666601469 22.657100618
723.675675335 22.666580569
723.693843299 22.68834081
723.730424579 22.721706351
723.743489677 22.739064523
724.346397003 23.339827695
724.35712286 23.351062479
724.411584197 23.403091174
724.43969677 23.437356135
724.484738316 23.473750251
724.514759085 23.50693679
724.516500242 23.505833105
724.528549095 23.522891784
724.606883844 23.59840701
724.617648781 23.61529644
724.656265337 23.646527844
724.728292708 23.720742461
724.741550214 23.735056628
724.793960367 23.782640712
724.869318477 23.860754437
725.002660586 23.991651168
725.003160262 23.994180775
725.030664609 24.022617534
725.160908067 24.151132875
725.163057478 24.154296582
725.230781444 24.223238479
725.243277954 24.234534966
725.245639209 24.242658344
725.253350027 24.242693203
725.254813274 24.244582094
725.333181698 24.325180545
725.337288113 24.327417636
725.397594249 24.392003123
725.399801855 24.394609513
725.405762969 24.401266118
725.411627363 24.400713547
725.41370156 24.403818564
725.475745324 24.464801733
725.477170557 24.468841951
725.597172805 24.588481571
725.59898735 24.58904108
725.605967816 24.60007845
725.693063471 24.683159421
725.694433802 24.686629697
725.770695551 24.764022626
725.809735296 24.799609696
725.815333446 24.808236321
725.818357739 24.81629553
725.823085239 24.812452382
725.888913556 24.877490026
725.918403488 24.907837668
725.985224108 24.97708069
725.995398303 24.990154058
726.019545319 25.010711268
726.024702615 25.023062657
726.038315671 25.029332649
726.080571991 25.070440747
726.111561952 25.102745949
726.210616555 25.200441961
726.211376937 25.202640086
726.212868382 25.201456797
726.240072046 25.234404387
726.300185615 25.290388994
726.30090712 25.291422657
726.301013477 25.289627046
726.332655585 25.325636189
726.337868688 25.334563753
726.388189537 25.377270654
726.388507886 25.378520358
726.389845457 25.380919003
726.429361305 25.4210532
726.468649837 25.459952882
726.4691146 25.457054111
726.471017547 25.462566725
726.493239209 25.483306
726.493702789 25.488587306
726.533767749 25.522450207
726.534544411 25.525757177
726.53600843 25.527601668
726.609185768 25.605355187
726.622124807 25.611294808
726.622371477 25.613345349
726.62248876 25.613609442
726.625602891 25.620018285
726.626188174 25.62255836
726.677612081 25.667881487
726.678035141 25.667079096
726.681361104 25.672593606
726.735913392 25.732754389
726.737538971 25.731283262
726.741734927 25.72954778
726.742142694 25.733214175
726.745062293 25.735348621
726.790886388 25.786925799
726.847861285 25.838866281
726.848878395 25.838791828
726.850146716 25.839946706
726.937426125 25.929035742
726.93899448 25.929177836
726.940266623 25.931781266
726.997965576 25.994755469
727.017575442 26.006919959
727.019191813 26.008387101
727.020001391 26.010130976
727.068627254 26.060772681
727.074913276 26.070986327
727.082180095 26.073260888
727.082282204 26.069562444
727.083959192 26.075822885
727.098816647 26.093307144
727.147122079 26.137224197
727.14729583 26.135434567
727.14910581 26.140764115
727.183341064 26.177465535
727.187267705 26.182044415
727.21027216 26.198082269
727.211283253 26.202813417
727.229532513 26.220682058
727.274981451 26.262692047
727.276576762 26.266435785
727.28231037 26.278732473
727.290932972 26.281201462
727.296848905 26.288373758
727.299648272 26.296407231
727.339893366 26.330397048000002
727.340715959 26.33006122
727.353885661 26.343258507
727.403798006 26.395059676
727.403869779 26.391614617
727.411164407 26.402197875
727.416285963 26.413944141
727.419638691 26.410807257
727.467887783 26.457339159
727.469030428 26.456854784
727.481938419 26.472918228
727.482487223 26.476276364
727.521923153 26.515703427
727.524609865 26.52026086
727.529823602 26.519664401
727.531781874 26.523459902
727.547092152 26.537279267
727.59325186 26.581099271
727.596590959 26.58764559
727.610496043 26.600710266
727.636506673 26.629526053
727.638929828 26.63533775
727.657409992 26.645241801
727.659129983 26.652614409
727.660693664 26.651820515
727.674027018 26.663181561000002
727.724317325 26.713742372
727.728266383 26.718740545
727.73874535 26.730230965
727.749271678 26.740502706
727.753699346 26.749308292
727.786845317 26.775961773
727.811335687 26.800802889
727.815647151 26.806669777
727.845950242 26.840410351
727.85424293 26.843300139
727.863836808 26.854778361
727.870213751 26.864946621
727.872379528 26.862627492
727.875545965 26.865380287
727.914901077 26.903141238
727.930108735 26.921288826
727.933565551 26.922121467
727.971944041 26.964888624
727.974579905 26.967895023
727.977777143 26.967211557
727.979148304 26.975421834
727.998542498 26.989629805
728.001644081 26.991740839
728.044445259 27.031248212
728.059188308 27.049006205
728.061533173 27.050558336
728.086422326 27.079864856
728.089948937 27.084671693
728.11163555 27.099112477
728.122613795 27.112690954
728.126002269 27.115774037
728.171745791 27.158865176
728.188031416 27.178578105
728.191583446 27.18156196
728.199287675 27.189564215
728.202924886 27.19766401
728.220006705 27.212300409
728.235582133 27.222832321
728.25093078 27.23972934
728.254837789 27.243954428
728.298839313 27.288219594
728.31553155 27.308252392
728.315863523 27.30756413
728.319187842 27.309217145
728.367172598 27.356171356
728.378247017 27.369192572
728.383047753 27.373197233
728.425816025 27.420204595
728.427957535 27.416749141
728.44438884 27.436114294
728.446090015 27.437226083
728.463202742 27.45668665
728.508319194 27.496412456
728.50888068 27.499082322
728.510337958 27.501617075
728.541039953 27.532849943
728.572802135 27.561369213
728.574232217 27.563031832
728.575917623 27.56605888
728.636851275 27.625900456
728.6375062 27.628029861
728.638890126 27.628279816
728.654513231 27.648432191
728.658732051 27.651779193
728.700245977 27.688772281
728.703314164 27.694799911
728.704859927 27.693990118
728.764305867 27.75451674
728.772452126 27.76427724
728.783031938 27.774189167
728.796729242 27.788319641
728.802215675 27.798988705
728.832192113 27.821293781
728.846904564 27.837871255
728.861105177 27.852603353
728.885130014 27.874575886
728.912934586 27.902022334
728.925678909 27.917288379
728.926064462 27.913782197
728.957238963 27.951626613
728.974783085 27.963905751
728.989840729 27.980785354
728.991072843 27.97860828
728.997926553 27.989487767
729.042415163 28.032541487
729.056362113 28.046923555
729.059672719 28.048732472
729.106219373 28.096171204
729.110563672 28.1049506
729.121008481 28.110180559
729.122672765 28.109927851
729.126056674 28.120494997
729.170171357 28.161271139
729.184112429 28.173928096
729.185495444 28.174527773
729.221707563 28.213935239
729.234649382 28.225825628
729.247517925 28.236655596
729.248001881 28.237102125
729.266174057 28.262311594
729.299751439 28.289145833
729.313930626 28.303302269
729.315847162 28.305086911
729.334909779 28.329524666
729.364466623 28.353681511
729.376816283 28.364949114
729.376836728 28.366318969
729.428180931 28.418116179
729.43637009 28.431479483
729.440909221 28.432191891
729.442116405 28.43149211
729.447932002 28.441265217
729.49537873 28.486318526
729.509442159 28.498906105
729.51041734 28.499375239
729.554916556 28.544246083
729.561871285 28.55417918
729.569467942 28.557347524
729.570162944 28.560636418
729.60917812 28.6029085
729.620094581 28.609424398
729.633319511 28.624558827
729.633375649 28.62348482
729.676727387 28.666939774
729.699179002 28.688951287000002
729.699994378 28.690242018
729.762894021 28.750117375
729.78994548 28.782908728
729.796452307 28.787534717
729.825023519 28.814133722
729.847675229 28.842408094
729.859731113 28.850911169
729.888089012 28.877100658
729.90439392 28.898252845000002
729.923748454 28.915273767
729.970376787 28.957642277
729.977613444 28.972358787
729.989275208 28.980782318
730.017801384 29.008285667
730.051310118 29.040542367
730.075126468 29.066736145
730.130890293 29.119962558
730.148356571 29.139527437
730.162798305 29.15295204
730.195594805 29.184116283
730.218637488 29.20959201
730.27669807 29.26867814
730.277100516 29.268120482
730.34032516 29.330527408000002
730.388656985 29.380448836
730.501789095 29.493094561
730.526169682 29.521447049
730.615308851 29.606221462
730.718630603 29.715393946
730.728240791 29.721149917
730.847002131 29.840657413
730.958053507 29.948546133
731.031326865 30.024845508
731.07266589 30.063234495
731.18455022 30.178080434
731.288714162 30.282467269
731.297568437 30.291205238
731.413178628 30.407281439
731.505409839 30.499015736
731.526603475 30.521061461
731.655377599 30.648290215
731.7277274 30.723593304
731.768504685 30.761476453
731.864800828 30.853873672
731.928935485 30.921006448
731.977736287 30.968231244000002
731.98303905 30.974673344
732.090561481 31.07995261
732.094013556 31.086984419
732.125313065 31.120112287
732.202173875 31.192751417
732.205783176 31.195983814
732.314699914 31.308287035
732.318495092 31.30746616
732.330278463 31.322720078
732.428361272 31.419472492
732.43238506 31.420280184
732.541761265 31.533362577
732.545692569 31.536601231
732.558597792 31.554703615
732.56461133 31.548999748
732.629098131 31.614739022
732.654612906 31.644731381
732.657591545 31.650538279
732.692311938 31.676414498
732.756693533 31.741201793
732.767187084 31.759091745
732.772865406 31.758065272
732.820701959 31.805953355
732.882259555 31.872809778
732.884400799 31.871678623
732.903499219 31.895438055
732.94972567 31.934025864
732.993369973 31.986802905
733.014480032 32.004730543
733.016938248 32.001028092
733.078585909 32.063331606
733.105847882 32.095997597
733.126673005 32.115687056
733.141809837 32.127399342
733.20465154 32.191804298
733.21895234 32.209448874
733.238812311 32.226718997
733.269347191 32.25407131
733.277552997 32.272276621
733.331032463 32.32392692
733.334153371 32.318553057
733.350823477 32.342048293
733.399642011 32.385289701
733.418065124 32.405767643
733.444123324 32.437858975
733.461731122 32.451719676
733.464768055 32.449132147
733.482855069 32.46993292
733.530971485 32.517346822
733.54350909 32.531663872
733.555577597 32.545769561
733.576302629 32.564866519
733.594788295 32.580787589
733.609409394 32.594537657000004
733.659090119 32.643606664
733.670061372 32.663868815
733.674419229 32.659327381
733.68912346 32.683814103
733.725376277 32.710635748
733.738710107 32.726158931
733.782208518 32.772242415
733.786544059 32.772610475
733.801377569 32.786033445
733.802062475 32.793797033
733.861074945 32.848221104
733.867550845 32.855057956
733.896523874 32.887788752
733.918566234 32.909054611
733.930855175 32.917348083
733.931778734 32.917103536
733.94047717 32.93399795
733.996828988 32.984458359
733.996944363 32.981255851
734.008608527 33.000288449
734.027797461 33.013774236
734.060525874 33.048227513
734.060855717 33.047817256
734.079010261 33.067362789
734.119917403 33.109990336
734.123488002 33.109105145
734.124468882 33.111000622
734.141537029 33.130088246
734.143357083 33.131887644
734.188754944 33.173117397
734.189013577 33.177316179
734.207585464 33.195411404
734.230784729 33.222388206
734.252645608 33.246225764
734.253714163 33.241230525
734.255154663 33.240136012
734.272355843 33.260682901
734.317900875 33.303115344
734.318982766 33.304091035
734.336507997 33.320997149
734.342613315 33.331971076
734.364022316 33.351892429
734.381952328 33.36722452
734.382130114 33.369647616
734.400273974 33.38462748
734.446671964 33.434531535
734.448905824 33.43383285
734.457219374 33.45133375
734.464332862 33.451472242
734.477409939 33.46764024
734.5097781 33.494489293
734.511224836 33.496608004
734.528129487 33.513715277
734.571537868 33.565969251
734.573728137 33.56207134
734.574643262 33.561542965
734.591420277 33.583932531
734.594383522 33.578789089
734.638059488 33.623874478
734.638838146 33.624913446
734.658437763 33.643558359
734.683762421 33.676244524
734.7016937450001 33.687324757
734.703749379 33.691453147
734.704288699 33.694349253
734.722104065 33.711209898
734.768238801 33.752600238
734.784626235 33.769872046
734.786126059 33.770276335
734.796347036 33.789778738
734.818382386 33.808191083
734.836364015 33.820885467
734.847776804 33.833129561
734.850174251 33.835068225
734.854993982 33.849319429
734.911171138 33.90451088
734.911831207 33.897347106
734.912212335 33.900323638
734.915274364 33.901126797
734.931028671 33.921093139
734.977401507 33.963454926
734.978585551 33.965335286
734.980588909 33.968487237
735.040942799 34.035413355
735.041117447 34.028245665
735.043953596 34.028326414
735.046817389 34.03390169
735.059624126 34.045708174
735.108001319 34.095112831
735.109244789 34.096754871
735.109257827 34.093483767
735.153398193 34.145634292
735.170477895 34.158396431
735.170753221 34.154914257
735.172908464 34.161255451
735.173167616 34.162231883
735.177220699 34.171921379
735.234707527 34.219383608
735.236009929 34.220494648
735.237212451 34.224953692
735.263386185 34.252172635
735.284181421 34.270591975
735.299477151 34.286553316
735.299979839 34.285809799
735.300739561 34.289304735
735.362734968 34.350477507
735.363957399 34.351214264
735.366166702 34.354278783
735.377719492 34.371072122
735.397233481 34.387222674
735.407452284 34.40017308
735.42878623 34.41365498
735.429674028 34.413820597
735.431729513 34.415903532
735.4419198 34.437634409
735.488895507 34.480390983
735.494503916 34.483033519
735.496803598 34.482813897
735.498908573 34.487257421
735.499913546 34.487555446
735.567152291 34.560120671
735.576479982 34.560847869
735.576723674 34.560989448
735.576806216 34.564743532
735.584316837 34.578249205
735.619004327 34.611732567
735.622335473 34.610854028
735.63944738 34.624476723
735.640439534 34.625757122
735.642030973 34.63115999
735.71112962 34.695544852
735.71232718 34.69759273
735.714075647 34.701201286
735.731900998 34.722861718
735.737168987 34.730623235
735.73788065 34.728116327
735.775322321 34.770079759
735.775922254 34.76172369
735.779107013 34.766337602
735.779195942 34.76388564
735.840996551 34.825509976
735.842568597 34.827756447
735.843898723 34.831728735
735.846145617 34.839065376
735.847865849 34.840045068
735.880858407 34.87263689
735.912975995 34.90081937
735.914442668 34.901026732
735.943251478 34.938670879
735.956300243 34.949234474
735.960245801 34.952408972
735.970277325 34.958006405
735.97068608 34.958454996
736.022525733 35.016434578
736.033001916 35.016817433
736.035418454 35.022523697
736.05675965 35.051452546
736.069707437 35.061959536
736.073145108 35.062946436
736.093850358 35.082175678
736.097327551 35.086393667
736.137672217 35.127885316
736.153682566 35.141438906
736.157277406 35.142681139
736.187215391 35.178999787
736.188036008 35.183415015
736.218037107 35.204076391
736.220383587 35.20497945
736.282964129 35.271752547
736.283932713 35.269915516
736.29731649 35.289007691
736.316273883 35.305613406
736.31804226 35.311554027
736.363248755 35.349185784
736.364023183 35.351105095
736.426506596 35.412104476
736.429121542 35.413790055
736.430076078 35.41722356
736.481289702 35.474245195
736.482537226 35.477453157
736.492197458 35.478195363
736.495140221 35.482238185
736.550717949 35.539305778
736.554578349 35.539151653
736.554704213 35.539334989
736.623929362 35.620182779
736.624527454 35.612267465
736.625921837 35.611508864
736.633207948 35.629051553
736.651577995 35.641788303
736.702493361 35.691049261
736.70861498 35.696068821
736.762209178 35.755932231
736.763352588 35.759672794
736.765171256 35.748952164
736.773043432 35.76323694
736.779266708 35.767793513
736.828902242 35.814870292
736.844588527 35.828910487
736.892531924 35.877089092
736.90159836 35.898001216
736.904389138 35.894445419
736.906534394 35.894275962
736.908336393 35.905134631
736.959541526 35.947056789
737.125894753 36.113692076
737.16335169 36.154464107
737.170811965 36.154774162
737.178408095 36.169614972
737.179670271 36.174413497
737.184534998 36.171625602
737.234105878 36.22138749
737.248181221 36.234504857
737.280014681 36.265649899
737.297126979 36.28241483
737.310295144 36.303225872
737.312154786 36.308775292
737.316699169 36.301362179
737.346200511 36.331993941
737.37194917 36.359683458
737.391517024 36.388191911
737.409651697 36.404074946
737.413913095 36.400746829
737.475104519 36.463779973
737.487705874 36.475622694
737.5226521 36.519471872
737.537887831 36.523068624
737.564987794 36.562282343
737.600351099 36.592019757
737.60229347 36.588173459000004
737.612205211 36.60661705
737.68898606 36.677299126
737.717538472 36.707809276
737.728821254 36.723552619
737.762654322 36.759391599
737.778570835 36.766910535
737.810608434 36.801810842
737.843049022 36.830912014
737.898267417 36.892300354
737.912411324 36.897633809
737.93601494 36.929671974
737.940698413 36.931695648
737.970358576 36.955427873
738.026424751 37.021553944
738.03502184 37.019078225
738.055844969 37.043569952
738.058618523 37.049808209
738.10253536 37.08695913
738.162398838 37.149174377
738.166808552 37.161510589
738.168618106 37.162338281
738.201156149 37.197491125
738.226902842 37.214978766
738.278525439 37.274678342
738.279670827 37.266656166
738.290800692 37.276852328
738.366392288 37.362724422
738.466171808 37.453275692
738.503356239 37.486754251
738.520972889 37.50512707
738.527934552 37.512010583
738.531952397 37.520526841
738.562815813 37.553883713
738.565838989 37.56120566
738.567947423 37.551428766
738.58721738 37.573573625
738.631731661 37.615937421
738.639010319 37.623145327
738.645861034 37.637873367
738.650662478 37.63858236
738.696658105 37.680285918
738.696810999 37.691500832
738.69765343 37.689334172
738.715429949 37.700883974
738.757440758 37.745776108
738.758809102 37.744139912
738.760996613 37.743833669
738.782639836 37.767149502
738.847827913 37.840765658
738.848813796 37.84255468
738.851974428 37.834926839
738.858158005 37.845419811
738.887203412 37.872666505
738.896108146 37.883248487
738.939038332 37.925601735
738.940507181 37.923728934
738.999264624 37.982898759
739.000330911 37.988604966
739.010031778 38.003965023
739.01146336 38.006522503
739.013390695 37.997314901
739.016265919 38.005380202
739.064337883 38.047094205
739.066760949 38.053853414
739.110088367 38.0964505
739.113241076 38.104528446
739.128487437 38.112094135
739.129537104 38.117869105
739.179212733 38.170766469
739.179427036 38.176215631
739.194412002 38.178175572
739.194621193 38.182422314
739.222430022 38.205640101
739.226040355 38.214105969
739.258162093 38.241039279
739.259058184 38.247000189
739.278563668 38.26861189
739.282876035 38.274894914
739.32279227 38.31179457
739.325625153 38.309208599
739.333967473 38.321812029
739.338340111 38.330551808
739.38591287 38.36892869
739.388285939 38.372922015
739.448443163 38.437529803
739.449443947 38.433763238
739.451061227 38.435800011
739.45226762 38.438942813
739.456092855 38.450215671
739.458679057 38.450401545
739.941509457 38.925112175
739.943997184 38.932979694
740.044364567 39.033385182
740.04713023 39.037356114
740.069152288 39.051911322
740.070225978 39.053867934
740.138950873 39.134516983
740.13903576 39.131757869
740.243358461 39.226939927
740.246983574 39.233555852
740.263201972 39.251749066
740.264042125 39.246979776
740.448606151 39.432089499
740.450179312 39.438791266
740.451195743 39.433968502
740.453960904 39.446164136
740.455977383 39.452009936
740.46276569 39.453781117
740.736678131 39.719688464
740.740496176 39.725135464
740.762367396 39.750255587
740.765163352 39.759779704
740.766923975 39.758461018
740.769488184 39.763418314
740.800725143 39.784337451
740.803193614 39.790952245
740.865577526 39.848786522
740.866580017 39.854339838
740.900420835 39.884164576
740.909921302 39.900988372
740.927992889 39.919862426
740.92859143 39.911458047
740.92986357 39.913909595
740.933575825 39.92825371
740.99352732 39.977006371
740.996047069 39.983818689
741.01674465 40.005059536
741.049246688 40.039249059
741.058175981 40.040671446
741.059176307 40.043444997
741.085279856 40.074395561
741.120075577 40.103509449
741.124452919 40.11213899
741.127232727 40.110428515
741.161949079 40.157025509
741.162432354 40.14818317
741.185810823 40.168811186
741.187173823 40.175724545
741.238328512 40.226607458
741.251255946 40.235390924
741.252708413 40.239876559
741.258385827 40.252851654
741.274437689 40.26684192
741.311892722 40.30627108
741.316063973 40.300530494
741.316379996 40.301081072
741.35022872 40.33621343
741.381992163 40.365626535
741.383179526 40.366993721
741.385031578 40.36878838
741.386989295 40.377461812
741.434679277 40.428177882
741.452031764 40.43525049
741.464468164 40.447398289
741.464884195 40.45217495
741.479277259 40.46705535
741.498572217 40.488771562
741.527323037 40.511233296
741.527435116 40.511011222
741.529011602 40.513931923
741.591524203 40.574248883
741.59252263 40.57550521
741.594089001 40.582649746
741.60626714 40.593739937
741.610272814 40.601900288
741.61967866 40.616707507
741.656615071 40.64008301
741.657204722 40.641238015
741.659204879 40.647789738
741.71974541 40.707527178
741.719871221 40.701362168
741.720311219 40.70350088
741.723090586 40.717131946
741.723710697 40.707690934
741.759237749 40.750938944
741.787576668 40.770086525
741.789000745 40.771919858
741.789346763 40.777149845
741.832377559 40.821518653
741.835923285 40.820313879
741.850674531 40.834152255
741.850767288 40.833248235
741.853481223 40.841236867
741.915748988 40.898479392
741.916937938 40.899822711
741.917622688 40.905753514
741.947850518 40.938016688
741.95701139 40.950926878
741.959143197 40.942914021
741.98570393 40.967967404
741.988775412 40.972216308
741.989006384 40.972833893
742.045512312 41.028494373
742.047798679 41.032293716
742.060223444 41.054698387
742.071029041 41.058910237
742.074906763 41.071065271
742.10994521 41.093381625
742.112080569 41.100365331
742.171724659 41.165461439
742.176776379 41.16109786
742.178785305 41.167101551
742.185327337 41.168729813
742.237247246 41.21925343
742.238700017 41.222638435
742.284022374 41.271959397
742.288150905 41.283155107
742.294836133 41.280607989
742.302099531 41.285704477
742.303782216 41.289767775
742.365293093 41.346769204
742.36785689 41.354986555
742.396305482 41.385096037
742.419557272 41.410633584
742.424751675 41.412193636
742.427674014 41.410204737
742.430968371 41.417394032
742.492203414 41.473328276
742.496525979 41.484231697
742.507573495 41.49694913
742.568972944 41.555017295
742.581860243 41.577559328
742.583678292 41.56532024
742.58502516 41.569651977
742.641345876 41.63564993
742.64581082 41.629277316
742.669895831 41.654528898
742.71239924 41.695416992
742.758748607 41.75284902
742.785714525 41.773447793
742.787964751 41.78028691
742.806694668 41.789668132
742.866914259 41.855939221
742.871241437 41.852396223
742.895958976 41.882465019
742.933660869 41.928340335
742.941570466 41.925039168
742.979754386 41.968321358
742.999114931 41.983518373
743.004232975 41.987164517
743.062553051 42.044829615
743.08966676 42.077567986
743.116660249 42.104974181
743.117032564 42.106842824
743.131605207 42.114083718
743.190422554 42.172214665
743.204144807 42.192697155
743.230916477 42.212858437
743.248852518 42.244196569
743.254100002 42.236060005
743.316470152 42.309956634
743.318014271 42.301161241
743.34397321 42.332995735
743.382651454 42.364640418
743.431328386 42.418544886
743.441144039 42.424722596
743.446540331 42.443201873
743.497934918 42.482413764
743.541715225 42.527740861
743.553930404 42.540159866
743.580080615 42.571111665
743.66587489 42.660320232
743.667567734 42.654080913
743.681167132 42.662836846
743.707570075 42.697800961
743.73107259 42.721313834
743.771528263 42.76199502
743.78057168 42.765573198
743.823114927 42.806558163
743.866741222 42.860231436
743.868447153 42.862836421
743.892441039 42.876849142
743.930020677 42.920940956
743.948725855 42.929870677
743.99349705 42.979340392
744.00120851 42.992377291
744.003688115 42.992211179
744.058861539 43.047453998
744.076996969 43.058458408
744.122511355 43.116619229
744.123470558 43.116501651
744.133729963 43.11884404
744.193243716 43.183184673
744.242647369 43.226286937
744.252240059 43.242071228
744.262857442 43.246490057
744.285202514 43.28178566
744.322166225 43.311921657
744.377015668 43.360217752
744.388526134 43.38194397
744.407493039 43.390043036
744.443308124 43.437732978
744.454578052 43.436037818
744.462025301 43.454249345
744.490402727 43.478243778
744.505387016 43.497333694
744.523888129 43.502913305
744.571135722 43.562069615
744.581857075 43.560793817
744.587002329 43.56972216
744.604618168 43.596325163
744.605068046 43.587986105
744.641237463 43.63237888
744.645088722 43.627584944
744.683750078 43.66657784
744.698084648 43.689370617
744.712800796 43.692965459
744.716602945 43.700671116
744.766684855 43.759215662
744.77394717 43.753898005
744.832810729 43.819972055
744.84363454 43.825312567
744.863002147 43.854282513
744.91300091 43.899650169
744.998059883 43.979753341
745.017684545 44.007793233
745.038876222 44.022497408
745.101377558 44.083650877
745.104419707 44.096352288
745.177110687 44.171989295
745.182371119 44.162358781
745.187127739 44.1752881
745.280000325 44.262968591
745.296316069 44.276057935
745.300614391 44.289188132
745.36980774 44.349952082
745.3738159 44.368217012
745.42840525 44.416518409
745.456541747 44.451257518
745.468981454 44.450965825
745.472597131 44.460119921
745.498684841 44.481603451
745.532544472 44.511323997
745.536693496 44.521126792
745.584083533 44.567070583
745.634569833 44.616496594
745.639243324 44.63196002
745.700003172 44.679072401
745.702874266 44.69301253
745.737479432 44.732190325
745.738259356 44.721068571
745.786585505 44.771526744
745.811853098 44.792905273
745.815567773 44.80461293
745.897114461 44.876045529
745.902871545 44.895113556
745.953992939 44.937221979
745.954335674 44.947947309
746.008694613 44.992932907
746.021570244 45.003856834
746.026255444 45.014119487
746.101106577 45.081833897
746.105098025 45.096202189
746.212878968 45.192732238
746.217164284 45.208063142
746.299463498 45.282389019
746.302219652 45.296555838
746.307545995 45.287229877
746.311452352 45.305769132
746.40878233 45.386636953
746.411835158 45.401018495
746.489345928 45.469162257
746.492623584 45.482505384
746.510103407 45.494757026
746.51234993 45.495182667
746.592281028 45.575867261
746.592379613 45.589325108
746.593335082 45.575210527
746.597147969 45.586912502
746.655661847 45.634625549
746.658925101 45.646816659
746.66417809 45.650942976
746.667081912 45.648858549
746.696686991 45.676360653
746.700914665 45.693007668999996
746.771763891 45.753713295
746.778520068 45.770180943
746.779153576 45.758423182
746.779369297 45.763935662
746.85185395 45.834133814
746.871962431 45.854232117
746.872234734 45.863366885
746.876998908 45.865223391
746.889403205 45.878011701
746.891402859 45.873912593
746.939861144 45.921489904
746.959365341 45.948485941
746.999576003 45.981822978
747.017340921 46.010277367
747.017598603 46.005111342
747.019661035 46.000173398
747.076707441 46.05646733
747.078132375 46.064442742
747.104577121 46.086393923
747.105264853 46.101620843
747.142486452 46.125433243
747.143021477 46.124681422
747.143349567 46.134828447
747.146590302 46.134050763
747.147959978 46.130968623
747.203743778 46.183297912
747.206996709 46.19719217
747.209568677 46.199824427
747.259827201 46.246279761
747.26112021 46.242453955
747.269040541 46.248006171
747.272946534 46.260045703
747.273059968 46.263563137
747.297675564 46.282246748
747.299962735 46.294261596
747.333273397 46.31252457
747.335791336 46.318696873
747.337579317 46.331174676
747.373430136 46.357777976
747.375278279 46.357556994
747.39802279 46.376876299
747.399734162 46.38517014
747.401829841 46.392111416
747.455010415 46.434690993
747.457439367 46.44215688
747.457938647 46.445207454
747.478939111 46.465283076
747.481911063 46.461142653
747.520491976 46.500260292
747.521345564 46.512400696
747.522309848 46.513582235
747.586152602 46.566574234
747.587193322 46.578347855
747.589123215 46.578885479
747.592917449 46.576515594
747.595389121 46.577156586
747.665375942 46.645376693
747.666579754 46.64859013
747.669417933 46.65377877
747.728551047 46.711546792
747.730220039 46.71088691
747.743164422 46.723947624
747.747542449 46.73992844
747.748006282 46.735697267
747.806732669 46.786924493
747.809930432 46.799019917
747.810301106 46.795744878
747.850555743 46.831476352
747.855276378 46.839054209
747.872223583 46.8534341
747.874806025 46.866942996
747.876643396 46.861935471
747.935849483 46.916454736
747.938126082 46.922508947
747.940060283 46.928736464
747.962381316 46.945563146
747.964207371 46.947190177
748.001193789 46.981736945
748.003622879 46.987385868
748.004353497 46.995364652
748.012839316 46.997256847
748.013439237 47.002460155
748.069371034 47.051884205
748.071658326 47.050573581
748.072296299 47.065803505
748.077039186 47.06139648
748.078433038 47.061405052
748.135740329 47.114881565
748.137125864 47.123379123
748.139442991 47.130359729
748.187432681 47.171960072
748.191263026 47.17262028
748.19958824 47.180231182
748.200194746 47.184104779
748.201685156 47.19384357
748.264388542 47.24661592
748.266301464 47.250851527
748.268086055 47.256410956
748.291985764 47.275918432
748.293939781 47.283935246
748.300096465 47.284631172
748.302512761 47.28477546
748.331618147 47.310853211
748.332959887 47.324729808
748.333697601 47.324685163
748.394289991 47.372602586
748.396452876 47.386572277
748.39803102 47.384115349
748.414984263 47.399978475
748.417034955 47.400226155
748.434183935 47.423990411
748.465218852 47.448140468
748.467721723 47.453749396
748.468142468 47.448220963
748.468411985 47.461831857
748.523352941 47.503063357
748.527584834 47.51977433
748.528654389 47.516533681
748.530245426 47.514163053
748.53277837 47.515666368
748.604928244 47.585006341
748.60726924 47.591770782
748.60860737 47.59359432
748.639661114 47.627527991
748.640795068 47.620968769
748.662989172 47.644785853
748.663577224 47.658474373
748.670714625 47.651226246
748.670764289 47.662673333
748.672388573 47.659574304
748.733493965 47.720781653
748.734259436 47.714285908
748.737892497 47.72702508
748.752543366 47.736759408
748.754477398 47.735881432
748.799186456 47.781677481
748.799683845 47.791378758
748.803669667 47.795998328
748.862439565 47.843128913
748.866291636 47.856426083
748.866994256 47.85682256
748.8930568 47.877342563
748.894292161 47.877057684
748.927650044 47.909129905
748.931831723 47.923834918
748.933817126 47.917741178
748.99431786 47.974262555
748.995325076 47.987430335
749.014205595 47.999213495
749.014270678 48.004518258
749.014897205 47.997888677
749.027378986 48.010103154
749.059782481 48.042275608
749.060650576 48.046173667
749.075145327 48.062251286
749.121667698 48.10238166
749.12455452 48.112025064
749.135365109 48.121674231
749.137631329 48.116533351
749.139316764 48.129352609
749.190608091 48.171937756
749.1934177 48.182380874
749.20314077 48.190976535
749.228132945 48.223817111
749.249491597 48.236120577
749.250540243 48.229635154
749.251649146 48.23334131
749.254882876 48.239850171
749.270147989 48.257362104
749.315566652 48.295484525
749.320178658 48.313580768
749.333424458 48.322510312
749.363156562 48.348208528
749.365979531 48.349424169
749.396143369 48.377020093
749.397562298 48.384651162
749.398761517 48.385201454
749.45746899 48.452264913
749.459548746 48.441189272
749.462262266 48.449435166
749.465219541 48.449827893
749.490163948 48.477157109
749.491676956 48.471873951
749.52311731 48.503672164
749.525844476 48.508789992
749.5284938 48.513915042
749.587831683 48.56877158
749.590829121 48.58234486
749.592950639 48.584202472
749.601358788 48.584299923
749.604389803 48.58781227
749.651864516 48.631798455
749.655197882 48.635607342
749.65682281 48.647937786
749.700453246 48.690466685
749.714142207 48.697907472
749.718297744 48.698765239
749.721314076 48.702020226
749.723052851 48.703829219
749.724841881 48.712614915
749.780929898 48.7631912
749.784013763 48.764778905
749.78666603 48.775266401
749.828277153 48.812064392
749.82867532 48.811417653
749.846654237 48.833912989
749.848155172 48.830919826
749.865337669 48.850468908
749.915751181 48.900006241
749.926247519 48.906995428
749.929527048 48.922459237
749.940807811 48.923596991
749.954799135 48.947850823
749.972424512 48.959689525
749.993893872 48.974906421
749.996682864 48.983886638
750.02912287 49.018228375
750.054349176 49.034545717
750.061308459 49.043117563
750.063355825 49.050269054
750.083956588 49.072963235
750.094278104 49.085770812
750.12780765 49.107019927
750.128008317 49.1184947
750.159226931 49.150464428
750.166304423 49.148043694
750.189511779 49.172345528
750.192606537 49.18043527
750.197953296 49.192844619
750.198576709 49.181335468
750.224776664 49.206197541
750.252824833 49.232932356
750.25725056 49.244365912
750.281723069 49.261289842
750.28783708 49.269191595
750.311143315 49.294979403
750.318187039 49.300097189
750.321622659 49.315374003
750.351701493 49.33217877
750.384990772 49.370164656
750.396614482 49.37663772
750.416437606 49.399852031
750.423126302 49.418410476
750.424560127 49.412468182
750.449592511 49.437696958
750.478555132 49.467680192
750.508131388 49.48680914
750.512890438 49.503992121
750.538224474 49.52598542
750.541826555 49.52161458
750.577234801 49.567471779
750.597686186 49.593070612
750.607624044 49.589381034
750.620693662 49.604750963
750.640649925 49.629208102
750.652204567 49.635398659
750.670811814 49.661998476
750.705094867 49.695262139
750.736026805 49.716070686
750.736118058 49.724364518
750.780683041 49.76496112
750.78599906 49.768776545
750.786875592 49.772249853
750.799309994 49.794481884
750.862882616 49.841966289
750.865275744 49.852730746
750.865386911 49.854386896
750.894434436 49.879470159
750.930276211 49.915137064
750.930814675 49.923843939
750.974838025 49.9670938
750.977611259 49.960540533
750.998407558 49.989642184
751.007330034 49.992013619
751.009483048 49.993113336
751.05890079 50.052809863
751.073033793 50.05591187
751.090968183 50.074151479
751.120629942 50.108530865
751.12370987 50.10885971
751.136321341 50.126365882
751.187850258 50.173209647
751.19941114 50.183847906
751.204676906 50.183808561
751.236693224 50.21965616
751.243701505 50.233159632
751.250198985 50.241268165
751.266129692 50.253395301
751.315236911 50.306811145
751.320471744 50.301501553
751.328748159 50.311757411
751.346752831 50.331373658
751.378861987 50.371816509
751.411631334 50.39721266
751.430212288 50.411097677
751.460480883 50.443377158
751.472641525 50.452336015
751.481130923 50.475480267
751.539922085 50.528711242
751.54323054 50.526184536
751.573097014 50.562158939
751.606316291 50.593781857
751.658110139 50.636903083
751.663101982 50.654042333
751.68583434 50.671438288
751.728151129 50.71231063
751.76898411 50.749914076
751.793851165 50.778228593
751.797992272 50.783094499
751.858320385 50.837917149
751.880336572 50.860282823
751.91120393 50.898439032
751.923688603 50.914173445
751.992685681 50.976877937
752.02139809 51.003288951
752.023197341 51.011875983
752.083264139 51.065239725
752.104897172 51.08533159
752.130873713 51.127151947
752.136447352 51.119386385
752.148328623 51.128244952
752.211706137 51.196291594
752.217585445 51.201207753
752.248011114 51.235868443
752.277256378 51.267720328
752.331201876 51.310153554
752.341019966 51.330144427
752.361396824 51.349211059
752.388344734 51.381287773
752.405309872 51.39134094
752.442504203 51.425005695
752.468048414 51.44650915
752.472317908 51.455775857
752.498632707 51.495284616
752.531632304 51.51719159
752.555638224 51.534626442
752.585315455 51.569289049
752.5961952 51.583410906
752.61024285 51.60572174
752.667593063 51.654318402
752.6692078 51.651708223
752.699915513 51.685054908
752.707244709 51.68615771
752.727407845 51.711188089
752.770376706 51.747566969
752.774463926 51.767943509
752.781917507 51.760189678
752.791177523 51.780967505
752.810000338 51.793758763
752.836741247 51.815297455
752.853827117 51.8343498
752.893764144 51.876000381
752.909138964 51.90590128
752.914971625 51.893557621
752.923739467 51.910583375
752.934332903 51.918856687
752.98067872 51.958883226
753.00077217 51.981757065
753.006249814 51.989089538
753.032915425 52.028236552
753.036952838 52.024676147
753.048631606 52.026451046
753.061743287 52.041419623
753.107832599 52.08499367
753.119541666 52.102499604
753.129185712 52.119430654
753.150248641 52.133451759
753.165828693 52.155226041
753.172167517 52.151002581
753.191250632 52.17355164
753.231700362 52.214624546
753.237306342 52.215783742
753.255769096 52.237206569
753.263522885 52.251833238
753.301802288 52.278983818
753.31993348 52.308951769
753.345190248 52.326332469
753.357274436 52.353623557
753.368873273 52.347263315
753.375923433 52.364989331
753.385892279 52.376147607
753.432304438 52.409871785
753.450818805 52.429934652
753.458447065 52.438866118
753.487682651 52.469967638
753.498366983 52.476580314
753.515535705 52.49542032
753.56057268 52.538620512
753.571116489 52.550839072
753.595761496 52.581725095
753.601787069 52.586279788
753.625084296 52.603379573
753.660708981 52.645406023
753.688108297 52.667339303
753.690752642 52.667897754
753.714041461 52.70059187
753.72425907 52.709319703
753.755406109 52.732490181
753.789000861 52.77646485
753.819144846 52.797034307
753.826712568 52.810112533
753.827589343 52.808123825
753.853811066 52.833966921
753.88326776 52.86166559
753.918937959 52.90985269
753.940443549 52.923296543
753.944949393 52.922584882
753.970429288 52.954701249
754.013401371 52.990599398
754.030015885 53.013227713
754.05266431 53.031369428
754.077051888 53.054855847
754.081493788 53.064488397
754.093227359 53.07340624
754.140718488 53.118560251
754.156673481 53.138045848
754.164818803 53.144048228
754.193758841 53.177517379
754.204375263 53.181482477
754.221430899 53.208896874
754.267059632 53.245070091
754.275826327 53.258815817
754.285819516 53.265840029
754.304704439 53.287917768
754.33158535 53.310322792
754.353425207 53.341265029
754.389542304 53.368911143
754.393306864 53.371468298
754.414106632 53.394593391
754.418544162 53.403214552
754.475759631 53.453628632
754.477772169 53.464931421
754.501412493 53.482279151
754.991140292 53.968108641
754.992520417 53.982421995
754.997203104 53.98384063
755.0552141 54.033308792
755.059621669 54.048193978
755.059705194 54.042438073
755.081338978 54.061320027
755.122134694 54.118874784
755.126622273 54.104252007
755.129653373 54.112425194
755.130772551 54.110504247
755.162886709 54.145437864
755.240718881 54.219533701
755.243557539 54.232529772
755.24449571 54.222940372
755.250160467 54.23312541
755.35994276 54.343392297
755.410277822 54.39932454
755.496848489 54.474005857
755.500775259 54.480556903
755.501527661 54.481562865
755.563263181 54.547886601
755.734756811 54.711713921
755.737839741 54.725917327
755.73915582 54.720906214
755.74212222 54.725086184
755.764724504 54.761734795
755.871331254 54.853630145
755.891682588 54.870253734
755.893577881 54.874924789
755.896680255 54.880481889
755.91643977 54.901027401
755.949498458 54.940721355
755.958022604 54.936862477
755.961693581 54.941265265
755.962155411 54.944935249
755.983670817 54.968130169
756.022934572 55.000740088
756.023789689 55.014850692
756.027958356 55.010207162
756.074954726 55.066873191
756.088378662 55.065543519
756.089517255 55.075422223
756.09134473 55.070170173
756.095050083 55.076058161
756.297565087 55.276522751
756.300870916 55.289208074
756.30105233 55.278266737
756.340586249 55.334185031
756.342814501 55.322364038
756.364359069 55.350181693
756.365811401 55.345945228
756.428339485 55.410013837
756.429380882 55.406560973
756.45597491 55.437891012
756.492979686 55.47594984
756.493218869 55.484172415
756.501983039 55.497316167
756.540734835 55.528850746
756.542119172 55.525068545
756.566971061 55.547593179
756.604712852 55.5869975
756.606276004 55.586143143
756.662335676 55.653363276
756.669679429 55.648885129
756.670557753 55.652050954
756.679393779 55.660290456
756.732914436 55.719342353
756.733447306 55.71263861
756.792960755 55.776891766
756.800056769 55.787153567
756.802344214 55.785139643
756.862058948 55.848796298
756.864253505 55.843265428
756.903407578 55.896324046
756.904725606 55.886948615
756.927381899 55.906570167
756.932046653 55.919762218
756.991859955 55.973640796
757.007747686 55.997651316
757.02225934 56.002703742
757.04102226 56.03548453
757.064620792 56.048999901
757.065559589 56.050033963
757.143740679 56.132808687
757.144167414 56.128367712
757.150669906 56.131240324
757.165429752 56.155910373
757.199919062 56.191133344
757.20138842 56.180711386
757.263359218 56.247725205
757.265588132 56.245577891
757.278828022 56.262007033
757.310604994 56.303559945
757.32657761 56.315670338
757.327729397 56.3112023
757.392620163 56.375612643
757.394122931 56.37410567
757.394593641 56.380999487
757.414428775 56.41149334
757.455186303 56.435584448
757.458640505 56.435938943
757.506884735 56.487524841
757.556987155 56.541901025
757.559597729 56.542076252
757.585594712 56.579086393
757.619797192 56.600235198
757.686146921 56.674465075
757.687612247 56.668227607
757.735545543 56.726795435
757.737536453 56.714956678
757.757305238 56.736892992
757.796535438 56.783793552
757.798363253 56.779776286
757.802832292 56.797332619
757.855490955 56.838412371
757.85654087 56.837569103
757.874201406 56.857682018
757.909931297 56.888411525
757.913624321 56.902753882
757.92305337 56.919309255
757.975953452 56.953089314
757.977786456 56.960008224
758.004766518 56.989138417
758.024288355 57.019678817
758.042271747 57.025228736
758.05737637 57.047378121
758.105648972 57.087059321
758.108499402 57.093172092
758.12423751 57.105967826
758.151152935 57.141176581
758.181417506 57.159781113
758.195284052 57.179637303
758.217795447 57.195404788
758.219600591 57.202799233
758.245906069 57.227852599
758.266355238 57.256646012
758.28887663 57.279333142
758.331479285 57.321954395
758.332524107 57.310445708
758.345994499 57.322993647
758.348712836 57.330165067
758.395396413 57.385506477
758.39776476 57.379757063
758.446516594 57.44026519
758.459347199 57.447678432000004
758.462417053 57.440819473
758.470446229 57.448199868
758.471617161 57.453589614
758.52700971 57.51712738
758.527657686 57.505763274
758.575301915 57.555182813
758.575921983 57.556384409
758.579407271 57.569690431
758.587135222 57.573746151
758.588079673 57.569121425
758.651581621 57.635031857
758.655093328 57.637614785
758.706361046 57.687074116
758.707210823 57.688870874
758.71441273 57.706477297
758.715990271 57.704539986
758.717213338 57.696146341
758.782384428 57.763779227
758.783265975 57.764794155
758.812074379 57.791184189
758.814418896 57.793620423
758.842810931 57.825733051
758.845338567 57.825555123
758.877657679 57.874619852
758.909086838 57.887429816
758.911088863 57.893936378
758.924159283 57.903934515
758.924991447 57.906793179
758.973225831 57.955695507
759.007362013 57.988163407
759.015094494 58.009492444
759.037059269 58.015998177
759.038161626 58.017215036
759.039356967 58.019889302
759.067515475 58.051897984
759.101498432 58.080389204
759.132192518 58.119314104
759.13910959 58.135107698
759.165070623 58.147315325
759.17064388 58.14790757
759.172541574 58.156119791
759.196625181 58.179613809
759.213681688 58.192295207
759.260107141 58.244078965
759.276958824 58.259708537
759.285288051 58.264316265
759.285389569 58.269003636
759.322602067 58.316310658
759.521364411 58.511581651
759.525676707 58.504490151
759.657444229 58.637462187
759.658573642 58.641964572
759.709031536 58.699963122
759.74677853 58.725899132
759.748593602 58.731145882
759.748674899 58.733058998
759.750149724 58.732652482
759.797793051 58.778761335
759.800740574 58.779208671
759.851881242 58.831463014
759.853473328 58.835182558
759.861268794 58.84687468
759.861815722 58.844736819
759.888883814 58.879326974
759.926632696 58.905822244
759.927142753 58.916168747
759.974342834 58.957338668
759.974349374 58.953947538
759.991072111 58.972640006
760.005240275 58.993372687
760.013710614 59.006732937
760.05466826 59.033745585
760.069541916 59.05107351
760.100321264 59.077900606
760.101236397 59.085734931
760.136421125 59.120703155
760.149167693 59.138551523
760.192869805 59.170881715
760.205105757 59.200783101
760.216582586 59.198877109
760.229428237 59.209043054
760.243878715 59.222224361
760.245188616 59.228654993
760.28163177 59.265240413
760.292994468 59.275483287
760.343663604 59.337231407
760.34853316 59.327820609
760.357471892 59.348513027
760.360162384 59.342664472
760.387957295 59.369054937
760.389027851 59.367906712999996
760.421551798 59.413122294
760.42425938 59.407738686
760.436240801 59.433022056
760.452484725 59.431498149
760.503968738 59.48675147
760.504258786 59.488656444
760.583697656 59.572736507
760.585587252 59.567508667
760.596423513 59.586536411
760.611674434 59.589863641
760.655597787 59.633601847
760.656727985 59.644187496
760.6908488 59.671617484
760.732857803 59.717190664
760.734248907 59.717245928
760.742596993 59.73775712
760.781694445 59.760448581
760.813648996 59.79335461
760.81644562 59.797013453
760.839930341 59.822450999
760.879358012 59.870504393
760.880251781 59.863117005
760.890771713 59.880962552
760.919088139 59.896960879
760.942269332 59.928474084
760.944243876 59.923974851
761.041228486 60.03278768
761.047958733 60.028738864
761.058774962 60.04049321
761.059289014 60.040763736
761.125225918 60.106024955
761.137972713 60.12046217
761.140353458 60.120860384
761.204282343 60.196581002
761.234334168 60.213918068
761.236071874 60.220120939
761.268848857 60.249986656
761.277488946 60.257648317
761.296616681 60.282650049
761.298805227 60.2771712
761.392296976 60.376123822
761.394907141 60.372794928
761.424830914 60.419284382
761.510270334 60.488619338
761.513559487 60.49846113
761.517600566 60.499825008
761.576187312 60.556864794
761.576286749 60.556198849
761.585596781 60.577768982
761.591888553 60.574163735
761.62505835 60.604721776
761.640480968 60.62833852
761.642003916 60.623048
761.770363921 60.751595682
761.774315249 60.760123904
761.777504266 60.757068786
761.782828265 60.775262337
761.836592876 60.82092406
761.851386238 60.832042768
761.870604827 60.85358064
761.936711574 60.925057197
761.977398503 60.95705745
761.978211534 60.967594516
762.033450748 61.017950256
762.049877591 61.040970464
762.108921026 61.088929139
762.117794891 61.106026941
762.12497628 61.103422074
762.138569948 61.129773121
762.167221921 61.15117717
762.180430647 61.172009786
762.236242925 61.215925377
762.245610771 61.233065812
762.24698548 61.23069828
762.288554398 61.266776366
762.290469695 61.286177415
762.310160307 61.290715349
762.311079818 61.290936542
762.331313712 61.313294439
762.374856564 61.356064633
762.376350266 61.353608035
762.381087645 61.360756263
762.389662591 61.381193541
762.443155079 61.422923514
762.454890283 61.43893099
762.455553123 61.433920861
762.51815516 61.497461065
762.518536392 61.497559877
762.519285616 61.505178551
762.534852735 61.529521952
762.555116587 61.535864466
762.582035345 61.567009709
762.58429216 61.565656902
762.649274287 61.63487
762.649564827 61.62780494
762.655796685 61.644834262
762.667669232 61.646903764
762.67118995 61.65192076
762.709075275 61.689099765
762.711594978 61.694127597
762.774504086 61.763051778
762.776725943 61.759219885
762.77857424 61.758536301
762.812700366 61.790000662
762.825680515 61.818415968
762.83767093 61.817884297
762.8553828 61.835397386
762.89302562 61.871879513
762.90112386 61.892259747
762.919126445 61.898678782
762.966052706 61.958206576
762.97543671 61.95267269
762.98324817 61.960870096
762.998215794 61.988195334
763.004652691 61.983370535
763.028589834 62.011096898
763.046840457 62.029395232
763.098248873 62.079161139
763.110820815 62.092187219
763.116617716 62.095064463
763.120130329 62.097531356
763.134589157 62.128093022
763.159652292 62.142162999
763.175173262 62.154485937
763.221106181 62.207062553
763.228721083 62.209919189
763.238527876 62.215728906
763.267254182 62.247778314
763.26755089 62.259051661
763.288941889 62.273564885
763.303908588 62.282083962
763.342337513 62.323035621
763.350447014 62.34157116
763.388594223 62.368173353
763.414121748 62.393923268
763.434731246 62.413355463
763.436221089 62.43132156
763.446956029 62.430582292
763.466157053 62.447256333
763.478222638 62.457901026
763.511668309 62.494581808
763.542207513 62.531998962
763.560562543 62.538078394
763.561389466 62.552240583
763.574997552 62.558792289
763.577156657 62.557655909
763.606013891 62.593703617
763.639699715 62.617520769
763.670076721 62.650496813
763.690978128 62.671023724
763.704060891 62.684465224
763.705653052 62.683976674
763.734583641 62.719117025
763.767770739 62.750966998
763.797479554 62.787370125
763.801443136 62.782153726
763.836047282 62.815669584
763.863192203 62.848750047
763.866409331 62.84896731
763.916294077 62.893906921
763.927095985 62.905466064
763.937526104 62.9252761
763.982988296 62.961006335
763.992145944 62.976340718
764.021944159 63.006537026
764.029339165 63.007113546
764.03338556 63.011290993
764.056300235 63.036413351
764.085082648 63.06790885
764.098408129 63.078301368
764.11927033 63.096804177
764.142753059 63.121491522
764.144192261 63.121207449
764.149069423 63.133650196
764.183683075 63.164059443
764.190571856 63.170713947
764.213970231 63.201101997
764.247986417 63.226318662
764.254069426 63.232925522
764.255570889 63.232526614
764.277840045 63.267266334
764.312966198 63.291256113
764.319449258 63.299119953
764.345747322 63.33038994
764.367183594 63.347139434
764.3672822 63.34483379
764.377238345 63.357141555
764.405773723 63.396674441
764.440201727 63.41942697
764.459511402 63.43846167
764.470663554 63.451296125
764.480434704 63.45832918
764.482030809 63.459241575
764.504099516 63.481689292
764.535601754 63.52654018
764.570716107 63.555025908
764.591836932 63.571701626
764.594623133 63.571799599
764.599764348 63.582952496
764.607229644 63.584790659
764.634646224 63.615874761
764.664630239 63.655791347
764.698233077 63.682711623
764.704333328 63.68331024
764.706513328 63.684130207
764.728439139 63.714203654
764.734653808 63.715163445
764.765809555 63.744066974
764.792970316 63.777141968
764.819761585 63.796866434
764.822299372 63.803412424
764.857884118 63.844669965
764.860552059 63.840882918
764.896401527 63.878121996
764.92178723 63.90960687
764.922890464 63.906372914
764.931284695 63.909003207
764.963149499 63.943539919
764.987525031 63.965964069
765.000705887 63.985667182
765.034571178 64.014569226
765.045355506 64.022846885
765.050610697 64.034205967
765.064786097 64.047298624
765.073515043 64.052682487
765.115473654 64.098219454
765.130687414 64.112060968
765.156596957 64.13381886
765.158593122 64.136477524
765.178683149 64.155816078
765.189086258 64.166281279
765.192863055 64.183116834
765.243681045 64.225597849
765.257823398 64.248717677
765.271270786 64.249563742
765.297042499 64.277710845
765.301201122 64.278695788
765.306638038 64.287595899
765.321212441 64.309484794
765.371075809 64.350731813
765.383160489 64.361836204
765.385435653 64.370921338
765.40852852 64.387379407
765.413023775 64.395557038
765.434706764 64.412714492
765.450282581 64.442009619
765.496486802 64.473717646
765.499424395 64.478760498
765.514450404 64.493070175
765.528318753 64.506118235
765.563539033 64.541003031
765.567423752 64.548515873
765.575879685 64.564166957
765.625116589 64.602382321
765.639427629 64.617299423
765.643668451 64.62827884
765.656576024 64.637006161
765.707150087 64.687156483
765.717413296 64.696011568
765.721243453 64.701033918
765.741120714 64.719358035
765.75507983 64.733535121
765.770449464 64.751073388
765.784605682 64.763949922
765.851044039 64.832494373
765.851536671 64.834413131
765.852711591 64.830306328
765.865597355 64.843380261
765.915578793 64.904772302
765.915991992 64.899569042
765.962388081 64.94289023
765.963684006 64.940774875
765.978822237 64.956628404
765.986320524 64.968045715
766.010030689 64.989688736
766.045035397 65.025134136
766.073414055 65.062512941
766.076074284 65.054496733
766.089778506 65.068780809
766.092042375 65.071947491
766.117627573 65.096958664
766.138859807 65.122045296
766.174598952 65.156443163
766.190317511 65.168694502
766.201991925 65.191127081
766.203191876 65.182060607
766.235246221 65.218639305
766.242302422 65.220529169
766.26624216 65.24914559
766.299662547 65.283894081
766.302789048 65.281044123
766.316783194 65.293971997
766.365052557 65.347969465
766.414642498 65.392549227
766.427580183 65.411745943
766.428811956 65.408909274
766.435943068 65.415138995
766.490884631 65.472215401
766.526286038 65.503783065
766.541421709 65.520172546
766.555558993 65.533561452
766.620682522 65.600252004
766.624569335 65.603731605
766.638471558 65.616509906
766.652061763 65.633188514
766.686417822 65.667841292
766.749720984 65.731379084
766.750869156 65.729464568
766.763130193 65.7450542
766.799125141 65.776544186
766.814270206 65.797729787
766.862356583 65.839504175
766.877336091 65.857882149
766.880046712 65.862573352
766.92776991 65.904944231
766.942880233 65.920478156
766.975698526 65.95334847
766.989025342 65.968352383
767.00641852 65.985415806
767.072688461 66.051836412
767.087698789 66.065206451
767.09984127 66.08051177
767.101709753 66.079962123
767.135959371 66.121036782
767.202062807 66.179334064
767.215574447 66.192534441
767.247706885 66.228526227
767.314623287 66.292871454
767.32908328 66.307975947
767.36703971 66.344686544
767.426780222 66.404226534
767.439867703 66.421251591
767.499614179 66.479613059
767.538287222 66.515819181
767.553188175 66.532415573
767.651350573 66.628450926
767.664388524 66.641541204
767.766866543 66.744007758
767.778602383 66.757968447
767.816748412 66.796808386
767.87842472 66.856001487
767.89287614 66.875608244
767.983194665 66.964110222
767.991775606 66.969089225
768.004663315 66.984743882
768.118002932 67.095205411
768.12023781 67.098039321
768.215955663 67.195048084
768.231851525 67.211210848
768.343614487 67.326144668
768.458205474 67.438179063
768.463735375 67.445669278
768.585766756 67.567446675
768.698573315 67.677325914
768.808171141 67.787480708
768.909179053 67.888929058
768.923513818 67.901303967
769.027296614 68.00479512
769.138371563 68.117904382
769.252018718 68.231106696
769.401926996 68.381499816
769.414957837 68.397247444
769.529215414 68.50827965
769.646082111 68.626469713
769.759961431 68.741864558
769.871395637 68.851143128
769.934208506 68.913393018
769.98808354 68.96520622
770.011667968 68.990583723
770.075956344 69.053949737
770.098566424 69.081321009
770.14122204 69.118531989
770.20460765 69.181800656
770.213256712 69.194994368
770.268681377 69.247292889
770.325778739 69.303083467
770.332669818 69.309919827
770.398190766 69.37711349
770.442005788 69.421268098
770.460591678 69.438979536
770.487240481 69.465567807
770.541701419 69.519933417
770.558758978 69.540161557
770.603694369 69.582847059
770.669868068 69.648146653
770.673320976 69.652086351
770.691409365 69.671960666
770.73962454 69.717670368
770.764134511 69.745301739
770.796037449 69.774495522
770.843296157 69.820765842
770.861038103 69.838919571
770.889681224 69.867190707
770.936905231 69.914151177
771.002963841 69.983006626
771.023949113 70.001475246
771.105113483 70.084417756
771.118167371 70.096828511
771.126020504 70.105106393
771.170653977 70.148285388
771.233447606 70.211302172
771.253853076 70.234735088
771.301935864 70.279771378
771.310039747 70.287879233
771.359768524 70.338118836
771.370333368 70.351497319
771.425133945 70.403726178
771.480504984 70.45967227
771.489889243 70.466922096
771.553068918 70.530322152
771.568472336 70.546321483
771.592711205 70.570421333
771.617091272 70.596246388
771.682281133 70.661297446
771.712437709 70.691131206
771.73968616 70.71791518
771.746882751 70.725512276
771.81077337 70.790025653
771.811405783 70.790953268
771.876069889 70.853113502
771.938853013 70.920223109
771.939235417 70.917307357
771.962401675 70.939917623
772.002930585 70.980755626
772.05044467 71.028195899
772.067040941 71.045950832
772.13109971 71.108284857
772.196547015 71.174008522
777.537621313 76.518219269
777.651246502 76.634091531
777.764251841 76.746506471
777.875740206 76.860121266
777.987110105 76.966821148
778.103328579 77.087331304
778.21509884 77.199797625
778.344413873 77.325112564
778.475206675 77.457436498
778.601434973 77.583244833
778.75683391 77.735125101
778.863035892 77.842101591
779.004715494 77.991831292
779.173801589 78.153427978
779.300618431 78.287239381
779.498207467 78.478408422
779.676904482 78.663993842
779.824427035 78.812277141
779.938709566 78.91628159
780.105114219 79.084939393
780.211185679 79.198709568
780.388015538 79.37613261
780.521948916 79.499735746
780.818188645 79.796756404
780.95219714 79.936470938
781.073766783 80.054169444
781.201476557 80.187215468
781.32441023 80.303766748
781.445963053 80.425869724
781.54548109 80.531732816
781.642829997 80.620407021
781.751011366 80.731936418
781.867736626 80.846950092
781.975370893 80.956273242
782.088590051 81.074323198
782.199117256 81.179266182
782.314126472 81.299175377
782.45604947 81.434140158
782.593045993 81.574717915
782.763472463 81.742214743
783.091795536 82.073199844
783.244348416 82.228152926
783.411285607 82.396564866
783.519222927 82.507805119
783.678468828 82.66619556
784.08788447 83.072578546
784.336748489 83.317153017
784.629832845 83.615849436
785.065748911 84.044423978
785.421413453 84.40578339
785.655746383 84.642197472
785.784538805 84.762301145
785.94878263 84.926979985
786.102878881 85.085176018
786.218435511 85.205304768
786.397120633 85.378500851
786.558541862 85.547759724
786.665574263 85.652267409
786.7839626 85.766865291
786.892001818 85.879689539
787.00600317 85.983488433
787.11655744 86.105146784
787.258945445 86.237163967
787.372928855 86.354368953
787.534263251 86.517754491
787.654751816 86.637684911
787.840194454 86.82804602
787.954370009 86.941225709
788.066334121 87.048272982
788.181392274 87.170445307
788.308044141 87.291815716
788.421320167 87.400437487
788.554889046 87.542758124
788.662944054 87.640770275
788.778957179 87.767789716
788.946626102 87.925897422
789.075852854 88.05927104
789.267238179 88.246403901
789.457149536 88.434547581
789.680678463 88.6611287
789.770286222 88.749946974
789.88600809 88.87042483
789.994048412 88.978725665
790.113828579 89.101544215
790.237545118 89.226361946
790.350348212 89.329478934
790.580116936 89.56677865
791.656379777 90.636027523
791.769890427 90.753883927
791.937143629 90.915947405
792.100197158 91.08342033
792.244278193 91.226066034
792.442193613 91.425599075
792.591969476 91.577909023
792.672951796 91.65363607
792.816110054 91.795214365
792.927259376 91.905666322
793.039004241 92.02194551
793.163613639 92.146808029
793.319481832 92.300814508
793.43571597 92.413030429
793.52956971 92.510719928
793.653802927 92.636711387
793.765976565 92.75454451
793.87417112 92.857630742
793.979710301 92.962224777
794.102107347 93.089898878
794.254360373 93.233089397
794.39431496 93.375318828
794.482508867 93.463568177
794.631163088 93.608299282
794.769299019 93.750650001
794.921618981 93.904418493
795.162750541 94.140012297
795.374371898 94.357313683
795.572063831 94.559508912
795.753100619 94.730551775
795.938489544 94.922011411
796.119241558 95.096263618
796.312846579 95.29605826
796.478099965 95.46742519
796.689798691 95.673838383
797.22303109 96.207425303
797.419153769 96.406863261
797.619986423 96.607795507
797.87320791 96.851317329
798.105061402 97.085113008
798.31171774 97.298840062
798.520120718 97.497678821
798.732560771 97.710893172
798.926895285 97.914648487
799.222776959 98.207455099
799.572060847 98.548991098
799.741100414 98.724559484
799.950176406 98.928495311
800.126688178 99.113971189
800.335291384 99.31604418
800.533335172 99.521206742
801.270986575 100.249422961
801.651925211 100.630632188
801.775880406 100.75476611
801.909827697 100.892679944
802.064816122 101.048762188
802.211048091 101.196772901
802.409297344 101.39672636
802.554840812 101.541123701
802.691083204 101.674050264
802.812884818 101.798381417
802.981935365 101.961209815
803.097920666 102.086085903
803.207549883 102.187518589
803.314685997 102.294032675
803.428157933 102.413590457
803.539034324 102.518759458
803.687186279 102.667633956
803.794759349 102.783337849
803.908522945 102.893565259
804.014450055 102.993110555
804.155072666 103.142357432
804.330674366 103.31255994200001
804.460010702 103.440645391
804.602697788 103.581993902
804.716796872 103.695573462
804.838949619 103.816112203
804.975834715 103.954110322
805.189404626 104.177962846
805.311933586 104.299200323
805.468642418 104.453196715
805.617211142 104.59694332
805.794319566 104.781403239
805.889859918 104.868513785
806.039698318 105.023910869
806.143410746 105.126913175
806.298926697 105.286715141
806.463547149 105.441538003
806.576435584 105.558097688
806.692909206 105.67733553
806.881287942 105.867045305
807.045422791 106.030616182
807.163849403 106.147880017
807.336137623 106.324668845
807.483838387 106.463580574
807.623593394 106.604061137
807.776242607 106.76089309
807.945910046 106.933591673
808.170228142 107.152121357
808.46866778 107.457224652
808.668659904 107.647476068
808.784271715 107.770219473
808.927843546 107.914640461
809.935833527 108.913081545
811.371000309 110.355582749
811.527810853 110.512251622
811.723963323 110.704621855
811.892201351 110.877544398
812.097986938 111.076601941
812.263389715 111.249356812
812.413356208 111.393772317
812.55794718 111.53716049
812.699116438 111.680986365
812.854254191 111.832611818
812.976717592 111.959012847
813.124580711 112.102570084
813.251609043 112.23654253
813.423261416 112.408678625
813.551635197 112.540315632
813.779931437 112.762398612
813.979958549 112.958678556
814.128722367 113.117238811
814.323374649 113.304884681
814.439819354 113.416825899
814.580023629 113.565599175
814.67270427 113.657412724
814.802207 113.790743984
815.004017679 113.99149825
815.109799954 114.089861405
815.224156119 114.204303558
815.353901255 114.340232495
815.91158147 114.894417425
816.04755365 115.032760733
816.305418121 115.290009538
816.589966858 115.569252846
816.754550815 115.732910548
816.849581844 115.83710072
816.966651149 115.95217506
817.125046012 116.113366852
817.268073465 116.252221886
817.409708559 116.388607404
817.571193274 116.548361788
817.67770486 116.660681028
817.79611467 116.77973122
817.961926859 116.948194589
818.145543083 117.130013181
818.247110146 117.233078772
818.407242162 117.393116204
818.53139911 117.51729999
818.682438814 117.66593169
818.885782185 117.873258971
819.059702087 118.039252898
819.230035226 118.214690697
819.43077708 118.418709911
819.663834871 118.643703521
819.838926611 118.818684486
820.008327891 118.992315179
820.135498479 119.124017201
820.32102247 119.3012135
820.449812317 119.429923789
820.561691983 119.549388886
820.701339371 119.681728058
820.799415185 119.781377983
820.919310732 119.896534678
821.140388921 120.126696126
821.461036465 120.44028036
821.638274295 120.626849478
821.807898012 120.785171873
