5.10800156 2.705569084 1
5.115030339 3.613982414 2
5.121027279 2.618387653 3
5.288600002 2.585578708 4
5.397888082 3.496191773 5
5.503915808 3.201671618 6
5.614478937 3.412370959 7
5.908382151 4.707772365 8
6.020884877 4.419629909 9
6.140898748 4.73997564 10
6.261931078 3.458757668 11
6.268623455 2.9645811230000003 12
6.276412131 2.671961281 13
6.28291439 2.578278402 14
7.019550753 4.917573583 15
7.022857729 5.922423587 16
7.027251729 3.222552153 17
7.03085423 5.22934144 18
7.034623338 5.733884895 19
7.040375035 5.33899843 20
7.041629252 5.039783992 21
7.046645023 4.443770204 22
7.052602808 6.052293212 23
7.058510315 3.554175343 24
7.063249091 4.159856234 25
7.268227141 4.064293263 26
7.398479082 3.994242804 27
7.507407486 4.503851651 28
7.62569407 3.520528274 29
7.817357662 4.713634919 30
8.053446843 3.046457681 31
8.117777236 2.008611168 32
8.183736665 3.777942312 33
8.247832355 4.242858163 34
8.311132891 4.105818132 35
8.316918263 3.61066586 36
8.32458812 2.616392125 37
8.333874512 3.226666124 38
8.339581821 2.531097246 39
9.064620574 2.855351945 40
9.13172188 3.52366542 41
9.261950748 2.251332998 42
9.268839523 4.963242591 43
9.275909539 4.469362544 44
9.310581211 4.403820447 45
9.425068971 5.520171502 46
9.462503156 4.95659166 47
9.494295297 4.186698374 48
9.558843198 4.050982272 49
9.670782369 5.064692779 50
9.942662547 3.232593077 51
10.010307598 3.400444699 52
10.013535448 4.605691588 53
10.039132971 4.831771374 54
10.092753123 3.783380211 55
10.158554484 4.249846123 56
10.223902365 3.714176028 57
10.791794665 4.782817458 58
10.890109881 3.378619805 59
11.070747027 4.260463563 60
11.113340004 3.401454894 61
11.152598967 4.04179988 62
11.162947775 3.951943928 63
11.185404109 2.872435868 64
11.234722234 3.823323328 65
11.235592237 3.924352532 66
11.28317005 3.4710740060000003 67
11.366770962 4.456330865 68
11.478274405 5.068694441 69
12.077401078 3.864453715 70
12.143682983 4.531936343 71
12.158214041 4.045531762 72
12.193280237 4.281035092 73
12.197256902 2.782295713 74
12.246238729 2.430714216 75
12.259200695 2.74412112 76
12.261252362 3.747844445 77
12.353540062 3.539752009 78
12.890885506 4.477680475 79
12.898115673 4.284594727 80
12.907017936 4.193411832 81
12.96421455 3.649480921 82
13.078413786 3.9641067530000003 83
13.133096203 2.616011436 84
13.182685991 2.2648126729999998 85
13.248127475 1.729098924 86
13.376145009 2.05742841 87
13.452955521 3.737581207 88
13.581396995 4.567286112 89
13.700023741 4.78610929 90
13.917039379 4.301774527 91
14.128426693 3.711523881 92
14.129804354000001 6.117275724 93
14.150683013 3.834030415 94
14.178430503 3.160399045 95
14.182316046 3.565034641 96
14.660661262 3.542416599 97
14.667189922 3.849500612 98
14.816237248 4.900347336 99
14.917331821 5.702819943 100
15.126209406 3.707330718 101
15.130759926 3.311276054 102
15.146004319 2.625495114 103
15.159201522 3.03930407 104
15.206855533 4.489365337 105
15.265806675 3.246006899 106
15.277354663 5.060914267 107
15.287036743 2.66636173 108
15.325689623 3.406122503 109
15.338228191 5.322142537 110
15.3793143 5.2630992370000005 111
15.403708024 2.682925575 112
15.466029804 3.746681088 113
16.213031754 3.191866433 114
16.485805783 4.06550503 115
16.494075822 4.874883222 116
17.402992157 4.075204571 117
17.523774716 4.602739658 118
17.625569135 3.3961196080000002 119
17.824007604 3.995433203 120
17.935854149 3.205416012 121
18.171978572 4.443654667 122
18.193607369 4.966046077 123
18.24789743 4.318994131 124
18.337682576 4.008028906 125
18.367043567 4.237791991 126
18.408833488 5.5879467720000005 127
18.422793224 3.391857175 128
18.46492205 3.033242593 129
18.48621996 2.453219738 130
18.492862145 3.962834265 131
18.496821587 4.868586929 132
18.531377917 4.502283719 133
18.60195633 5.073867471 134
18.774724813 3.94415656 135
18.781891088000002 6.561878066 136
19.135607819 2.601805948 137
19.234966368 8.016482464 138
19.240868351 3.508509454 139
19.25715193 3.725171381 140
19.263426212 2.829864977 141
19.358871321 4.027389499 142
19.384980715 6.257614995 143
19.471045354 4.540244802 144
19.544641636 3.311382568 145
19.617851665 3.484743872 146
19.723985369 6.296050665 147
19.729413134 5.299570213 148
19.735143243 7.414993668 149
19.792946904 4.661806416 150
19.841279316 5.211031181 151
19.900154556 4.26803707 152
20.05097108 4.218451106 153
20.306114827000002 1.7680390639999999 154
20.406162606 2.870185497 155
20.480082913 2.242431555 156
20.884620979 3.248455075 157
21.098882372 3.663129342 158
21.309248168 3.372749132 159
21.363056228 5.430258706 160
21.422552542 2.984658829 161
21.466003674 4.531396281 162
21.484160224 6.252838155 163
21.587155006 4.852916598 164
21.594725661 4.259331453 165
21.640614116000002 5.307135909 166
21.677918788 4.643225088 167
21.705224019 4.870758456 168
21.768931344 4.032707137 169
21.803076432 4.668086459 170
22.055138375 3.918398389 171
22.331522121 2.090687244 172
22.437486584 4.400875785 173
22.527123567 2.586829582 174
22.579738714 3.841300767 175
22.617467215 3.478513789 176
22.739893947 3.200375313 177
23.018817394 3.278810566 178
23.139686884 3.900581624 179
23.383209534 4.344353655 180
23.521325234 3.881582697 181
23.598981823 3.5585504500000003 182
23.688039731 3.847876909 183
23.738576755 5.400850565 184
24.064039959 7.430044313 185
24.278660763 7.043469103 186
24.389779602 6.5533970870000005 187
24.455941577 2.712599247 188
24.51123453 4.069943297 189
24.574022137 4.032498347 190
24.626830407 5.287591551 191
24.647168115 5.7084836899999996 192
24.654670164 6.016497138 193
24.707749302 4.567069431 194
25.551334254 6.712751052 195
25.655688121 5.014102949 196
25.66281124 6.223381493 197
25.732866409 3.588833737 198
25.774232512 4.231063249 199
25.783252638 3.7394558680000003 200
26.056510301 4.914013097 201
26.065531787 5.223602786 202
26.133566689 4.18997658 203
26.26350864 3.818963106 204
26.395156954 5.453054838 205
26.496887893 2.6504583520000002 206
26.512773557 5.470470421 207
26.617089614 4.372919345 208
26.648452086 3.302714687 209
26.723556144 3.9786778800000002 210
26.734405884 3.288521738 211
26.789211104 2.742621884 212
26.810884568 4.967395759 213
26.817272072 5.574692098 214
26.990785547 6.24903182 215
27.081530439 5.638662141 216
27.10716572 4.562525218 217
27.344809433 3.698618324 218
27.423296615 6.080565282 219
27.431199443 4.586193475 220
27.567301379 4.321784692 221
27.673084868 2.224259809 222
27.68087329 7.339825963 223
27.891214268 6.247964931 224
27.90357152 5.25883713 225
28.03039898 4.083894911 226
28.190712891 3.042345764 227
28.330179641 5.184792453 228
28.430858696 4.684561079 229
28.53534263 6.191021813 230
28.646102008 4.499417901 231
28.759039185 3.710855103 232
29.04302045 4.29532924 233
29.091761277 3.843249179 234
29.098377089 2.84864787 235
29.145967321 4.197940118 236
29.172571392 3.623633231 237
29.275376166 4.828313104 238
29.338876476 3.990187541 239
29.440732314 6.395476223 240
29.49371645 3.844692638 241
29.652767045 3.803417881 242
29.750655674 3.801216064 243
29.810316082 4.061163033 244
29.832204457 5.18473086 245
29.957729393 3.9082049100000003 246
29.95967519 6.413600569 247
30.123676189 2.471768407 248
30.225899594 3.6756639030000002 249
30.321869822 7.376725567 250
30.332661287 5.484769187 251
30.424231499 2.171241762 252
30.479081575 6.232212756 253
30.553993841 3.903614122 254
30.754218127 3.302620775 255
30.837662654 3.085582368 256
30.965273775 3.914426358 257
31.160503754 4.710559761 258
31.26301089 4.412430715 259
31.562451934 5.41284486 260
31.774865677 2.219737824 261
32.062733043 3.409230316 262
32.659884232 3.305061249 263
32.792233012 3.6378150380000003 264
32.925018281 4.471791796 265
33.857139186 4.602593431 266
33.959406928 3.302150112 267
34.152513001 5.999735856 268
34.206949863 3.750011097 269
34.212580699 6.159910051 270
34.242646336 6.991405859 271
34.263325391 2.6040646179999998 272
34.375627507 4.920606199 273
34.382101996 6.429612791 274
34.48757775 7.536826925 275
34.488040378 7.136609798 276
34.489582204 4.132893188 277
34.616016021 10.269065645 278
34.624674023 6.271586195 279
34.76467151 7.212922786 280
34.808265718 10.260985428 281
34.883969687 7.732977465 282
35.048565751 4.191013948 283
35.052608113 3.593878395 284
35.119734821 3.961661948 285
35.250910999 5.395296084 286
35.257122418 4.299375112 287
35.652821527 7.099477246 288
35.780775705 7.027093001 289
35.882208571 6.928168295 290
36.052864129 3.5920892870000003 291
36.058378572 3.29703254 292
36.175540539 8.32325515 293
36.299330624 9.548834041 294
36.334576776 3.773596528 295
36.466418968 4.606777347 296
36.469761827 10.119902654 297
36.667397479 5.909993363 298
36.864878637 3.802907004 299
37.010531764 3.748245987 300
37.032955823 3.0695957050000002 301
37.146659968 6.890126232 302
37.336592965 4.675393812 303
37.356062366 5.095751357 304
37.467270401 3.804420281 305
37.473225986 5.41335194 306
37.578650811 4.216181113 307
37.605032837 8.550785594 308
37.706392261 7.650291346 309
37.713749434 7.7578853290000005 310
37.742334894 5.782546322 311
37.882876759 8.227572291 312
37.924553608 6.666141773 313
38.084443917 2.418250454 314
38.087437717 3.423034186 315
38.139029655 9.285162865 316
38.364300605 2.898392903 317
38.384948075 3.620383527 318
38.452906688 5.491180775 319
38.478046951 4.114081216 320
38.517681288 4.45419246 321
38.592698808 4.82964974 322
38.629281134 5.767784732 323
38.677131982 8.520846655 324
38.742452615 6.3819031840000005 325
39.016321621 7.457239447 326
39.053727536 9.298332107 327
39.139943858 3.97476809 328
39.142847616 3.77715669 329
39.202853732 5.640112151 330
39.989356278 4.723857761 331
39.995688407 3.928833019 332
40.044898281 2.876101113 333
41.192606345 5.32609284 334
41.220069036 3.450339633 335
41.279793505 4.511782574 336
41.364892444 4.797190808 337
42.104654403 2.331512121 338
42.403166015 4.933859356 339
42.516448009 6.750100289 340
42.629151947 5.059729846 341
42.743375446 6.275795814 342
42.939621692 5.570558289 343
43.343966798 5.474079305 344
43.477306449 4.806035811 345
43.584490993 5.113391553 346
43.772620202 3.598592212 347
43.8834422 5.913382623 348
44.102522091 4.930243646 349
44.188753517 3.013215691 350
44.240982863 3.866619867 351
44.73023932 3.955255009 352
44.789483855 3.513768258 353
44.871318305 4.396720404 354
44.901545368 5.228491533 355
45.104476304 3.227468076 356
45.136357359 5.863868286 357
45.1929616 5.620016201 358
45.247073383 4.171707083 359
46.229520873 2.949745333 360
46.94681574 15.888951683 361
46.955720947 13.793554858 362
46.964488794 12.800920501 363
47.211441201 3.130138122 364
47.241349517 15.081276241 365
47.301256517 5.123666514 366
47.344691481 4.866684692 367
47.393549388 5.716973297 368
47.580990243 16.222418767 369
47.586495804 14.123876753 370
47.724927439 17.167821875 371
47.976093375 13.712290728 372
48.108178511 16.348771268 373
48.247355085 2.463342483 374
48.252356049 14.38918531 375
48.349590992 5.17006565 376
48.354057622 5.575215356 377
48.436723886 5.557791255 378
48.471539467 5.792967623 379
48.574696694 2.390028805 380
48.578807176 7.002406419 381
48.677719295 6.09942243 382
48.889277399 5.008389933 383
49.233893808 4.050891844 384
49.326195 4.844168842 385
49.452619178 3.368085315 386
49.565202780999996 4.782656002 387
49.677536108 3.993673596 388
50.104542696 11.733688293 389
50.17459252 5.893045355 390
50.264072842 15.799983876 391
50.312649475 4.829118234 392
50.422432275 6.741923996 393
50.533228396 6.151415213 394
50.595830291 12.325237118 395
50.827240137 16.26298579 396
51.070851518 15.504840712 397
51.114010477 13.845060482000001 398
51.340789556 3.452695937 399
51.433598653 2.543677192 400
51.476258674 13.80673249 401
51.481492807 4.595545091 402
51.499519944 16.434463984 403
51.542378619 14.473782624 404
51.590781037 5.005198176 405
51.607037841 15.439954514 406
51.676197695 15.308722922 407
51.704120379 4.517606833 408
52.019070832 17.054136497000002 409
52.140804802 4.553469629 410
52.234497566 16.267783677 411
52.266214602 15.59836951 412
52.28039948 5.494615142 413
52.380481194 4.392139777 414
52.400391288 17.535601447 415
52.404418624 3.814939943 416
52.492142136 6.00676796 417
52.504000245 4.114865773 418
53.3821124 2.588706987 419
53.537120867 6.049953098 420
53.648070716 7.363181646 421
53.799668775 3.707680201 422
54.704304881 4.011131436 423
54.748471994 5.958663063 424
54.797187319 3.903666738 425
54.911154372 13.535305425 426
54.953825186 9.069586662 427
54.960157642 18.091928153 428
54.992090154 3.697868817 429
55.097796214 5.606799783 430
55.249615462 16.678443297 431
55.443177666 13.36579897 432
55.449248747 17.379037578 433
55.457920692 18.489514523 434
55.464296879 19.197024147 435
55.49286967 8.50672525 436
55.50044919 7.812881842 437
55.641536502 11.660503186 438
55.669887258 16.697942385 439
55.67164955 10.388497889 440
55.734053594 8.647760428 441
55.741167801 14.264985794 442
55.941357056 6.951256845 443
56.009536687 12.629535975 444
56.012891312 10.429220863 445
56.103368401 6.111496633 446
56.111980728 15.136770625 447
56.117642769 11.235002578 448
56.240211563 14.463480988 449
56.490944136 7.400606173 450
56.51259093 10.528209725 451
56.517668914 11.534952715 452
56.641777735 14.364080816 453
56.64777784 11.564890169 454
56.654697194 15.979849978 455
56.657428319 11.274030635999999 456
56.659313388 17.186579733 457
56.661842004 16.588063738 458
56.668764786 16.695208657 459
56.675384877 12.093140261 460
56.683090181 15.807972922 461
56.689941592 17.918415277 462
56.766891812 12.084525017 463
56.790618147 10.405503022 464
56.934715723 13.955684606 465
56.987108449 13.206490794 466
56.988596143 17.615947872 467
56.99362496 13.914377314 468
57.211824707 8.021382199 469
57.224639636 9.035965621 470
57.252630132 7.5612385490000005 471
57.381358364 10.09461484 472
57.388424788 18.516728811 473
57.395219624 5.500223303 474
57.397341853 13.215946082 475
57.464923984 6.871997795 476
57.472468745 13.992227412 477
57.480204779 17.206019795 478
57.529227352 7.2368521900000005 479
57.55578936 9.266893561 480
57.645738714 7.253167701 481
57.734255286 18.662138957 482
57.769658153 15.792435586 483
57.984370192 14.403892294 484
58.000447447 7.808254494 485
58.007679961 9.318084348 486
58.184148464 15.806285115 487
58.192840199 10.805872447 488
58.205281799 7.712526391 489
58.220933011 10.433033559 490
58.303245493 11.617580155 491
58.305267914 20.134897282 492
58.31282978 7.319146595 493
58.366871036 7.172814403 494
58.452986223 6.257377035 495
58.478934317 18.605564486 496
58.486063692 8.894878278 497
58.543986681 5.847684743 498
58.551445534 17.976757663 499
58.642938448 6.948178726 500
58.666888478 10.177587604 501
58.670879516 7.5769124340000005 502
58.694015017 6.298098125 503
58.755377801 5.858701996 504
58.965062537 7.570759549 505
59.376428985 7.781816766 506
59.382088693 6.785863959 507
59.387266385 6.590752484 508
59.392751816 7.097029036 509
59.641112574 5.842897152 510
59.76851371 9.976972226 511
59.7771327 6.680183632 512
59.785992562 11.697505271 513
59.794665171 10.40390441 514
59.799980549 6.50267843 515
59.807534477 9.915823886 516
59.815912602 7.820702343 517
60.137142796 7.641053061 518
60.486935384 8.391549285 519
60.701265732 3.99791065 520
60.702935696 8.908059177 521
60.705191502 5.003648441 522
60.804091395 5.603296606 523
60.943728587 6.143389121 524
60.945190189 11.654566649 525
61.14545339 5.544079474 526
61.479868591 6.879903046 527
61.487135419 7.187811114 528
61.597826552 7.19824575 529
61.702724136 5.199827616 530
61.711329127 7.211582223 531
61.807477183 5.003948082 532
61.877812859 8.880985371 533
61.893122126 4.4886752340000005 534
61.903708645 4.699536039 535
61.913747852 5.711433531 536
61.919766046 6.819097619 537
62.047805808 8.349874009 538
62.288850636 8.18997423 539
62.364272536 8.766525394 540
62.437601104 8.238406208 541
62.552701107 6.650865067 542
62.566542309 7.065348629 543
62.664078279 8.765609591 544
62.839654829 6.837565895 545
62.84503672 9.347521201 546
62.851440476 6.548898342 547
62.945155437 9.748019959 548
62.996557569 6.092813364 549
63.068418278 8.368267922 550
63.345540221 9.346798769 551
63.456435733 6.352393314 552
63.571292267 8.570732672 553
63.618316588 10.220904367 554
63.628430241 3.719263036 555
63.688705421 7.285908546 556
63.695834954 8.795382112 557
63.749214707 4.942211401 558
63.90143681 8.600472954 559
64.088428761 3.778515843 560
64.090566532 7.988327162 561
64.095912694 12.601420749 562
64.183523872 8.782425607 563
64.24066318 7.637524063 564
64.240744925 6.936389859 565
64.309341092 8.507661275 566
64.344287591 4.835783399 567
64.378721974 7.374794675 568
64.831132302 5.723420517 569
65.269846838 7.063828307 570
65.278121235 6.771617934 571
65.282250235 7.276598432 572
65.81907431 6.110201553 573
65.844239991 7.137455209 574
65.852408089 6.243833675 575
65.859288305 7.553092902 576
66.866539891 8.460267968 577
66.872591107 7.063580974 578
66.878650556 8.77289584 579
66.964654446 6.253933533 580
67.118750519 8.211517747 581
67.206004632 6.194885567 582
67.211488983 4.898399626 583
67.216271322 6.305296061 584
67.597913172 7.588580456 585
67.717062785 10.112283335 586
67.721913756 6.911071368 587
67.787106184 6.57569215 588
67.81368477 5.30035338 589
67.867872289 4.453116544 590
67.938979883 5.826241571 591
68.171260206 4.856608607 592
68.276678654 6.464510695 593
68.291481018 6.579442106 594
68.302530651 5.188249826 595
68.368079006 9.76138354 596
68.373593875 10.568359438 597
68.382308985 6.169405451 598
68.417358067 6.504970264 599
68.48572617 7.374429463 600
68.592710764 6.980766024 601
69.219968966 3.400996025 602
69.746920493 8.335204365 603
69.87490572 5.758824766 604
70.067106084 7.052956634 605
70.149676111 12.244225379 606
70.221176448 3.695467758 607
70.282568003 11.074629532 608
70.44163053 12.937046753 609
70.500183961 8.487561719 610
70.615244143 11.307086098 611
70.728412809 11.320054721 612
70.897945394 11.890473384 613
70.954835349 9.442990754 614
70.970261798 8.557064411 615
70.970315414 7.35511255 616
71.077120806 8.163175471 617
71.083718491 8.370116267 618
71.177197668 4.951821309 619
71.182037494 5.863772666 620
71.186093103 10.575566483 621
71.261048405 6.042921525 622
71.314377443 13.609378955 623
71.315763401 7.400025818 624
71.320677245 11.110898325 625
71.334711347 10.824440433 626
71.370689029 6.553261409 627
71.420699725 5.401451957 628
71.449080315 11.339539803 629
71.475307696 8.260875553 630
71.482072619 6.764859293 631
71.563572581 11.153436023 632
71.70315546 5.277634617 633
71.724877146 6.807179724 634
71.851618697 9.238130443 635
71.951637549 9.137804648 636
72.065302148 6.346509707 637
72.067946206 6.649452189 638
72.177844835 5.551998297 639
72.414445991 5.187779134 640
72.655980972 11.344383204 641
72.722645855 6.80354038 642
72.786722454 8.770835677 643
72.852836355 6.527340195 644
72.915809525 7.297161711 645
73.171795292 8.855386524 646
73.391943549 4.662427582 647
73.499450268 6.673380348 648
73.658267991 5.129197054 649
73.819303361 4.188083818 650
74.047036286 4.015253927 651
74.409161121 5.278885018 652
74.508832853 7.782877004 653
74.5350689 7.408533918 654
74.614104916 5.183217491 655
74.645090977 6.617084542 656
74.756649305 5.426031758 657
74.894716821 6.06499851 658
74.952112881 6.723857625 659
74.970536252 5.139049407 660
75.33701074 6.908163578 661
75.34348248 6.313424852 662
75.353561194 7.525939842 663
75.56400895 5.331872824 664
75.728405844 5.796847982 665
75.997340174 2.860441213 666
76.575387669 8.647548648 667
76.68619133 4.250574077 668
76.705724795 9.378941424 669
76.794815373 7.864905421 670
76.800859355 3.563822154 671
76.913784942 5.880471358 672
76.950982416 4.314939815 673
77.015797172 7.484773717 674
77.141497804 8.812946105 675
77.214172901 12.797529054 676
77.265805495 7.13383457 677
77.326083618 9.598585271 678
77.371113341 8.741829749 679
77.424741248 6.491576554 680
77.428641232 3.89110306 681
77.431683391 7.099351974 682
77.477149746 12.860124286 683
77.511300055 13.295030174 684
77.554964482 4.217687997 685
77.628270883 13.912864548 686
77.6331682 13.817586782 687
77.753629103 8.022266724 688
77.891845245 8.661443787 689
78.165579984 11.139172794 690
78.201257542 14.686169866 691
78.35413202 13.837269615 692
78.430162338 13.412382499 693
78.449079946 11.522840648 694
78.553648886 13.435660569 695
78.632069208 12.506800547 696
78.7448067 6.910304227 697
78.870787597 8.238054351 698
79.133706559 7.198971407 699
79.176756951 11.649594222 700
79.195159624 13.676613643 701
79.291953075 6.756107719 702
79.464027181 11.335895094 703
79.467233893 12.040276305 704
79.994619151 12.36732571 705
80.046923628 6.609535465 706
80.051250564 4.610696389 707
80.213904617 6.3759433 708
80.356353831 7.319618771 709
80.488650407 8.253385614 710
80.59361152 5.553839438 711
80.70781094 7.771207 712
80.822239177 9.28818335 713
81.088321931 4.646196594 714
81.215953058 4.873924638 715
81.282481266 6.8435430010000005 716
82.207776057 6.566907983 717
82.335762138 6.194003825 718
82.449083156 8.41080736 719
83.026172469 7.285073228 720
83.035479954 6.393050402 721
83.038436979 8.399152901 722
83.047315257 10.912181086 723
83.054867053 8.315439314 724
83.061976568 12.32903531 725
83.069316701 8.930924954 726
83.340046187 6.497341385 727
83.367973545 5.823985822 728
83.481589652 5.236284029 729
83.501792426 9.763973121 730
83.562949052 9.224163684 731
83.62648865 9.688380426 732
83.690867823 6.647606316 733
84.525968578 7.582961276 734
84.999690893 7.656014467 735
85.233392245 9.191784896 736
85.274598629 5.826976159 737
85.285394156 7.440852018 738
85.379572092 7.234482659 739
85.403445401 5.855579867 740
85.41249563 6.966776092 741
85.518020137 6.97206909 742
85.540647633 5.89255906 743
85.604742896 7.259170227 744
85.721793229 10.782103393 745
85.726337326 14.392552256 746
85.968314031 10.026968927 747
86.31298485 15.079354467 748
86.319256004 11.479703778 749
86.554620365 13.818421281 750
86.628309719 4.57577478 751
86.633250688 5.08170751 752
86.69222446 11.151467299 753
86.755297346 7.507988351 754
86.757267539 4.504396637 755
86.7934313 13.155810511 756
86.811515494 5.460327501 757
87.706412073 7.457340023 758
87.713359885 7.163792164 759
87.837991815 8.490515292 760
87.91612423 7.867426015 761
87.964904083 9.318741481 762
88.078656876 9.332276352 763
88.081269075 16.046379268 764
88.197814427 6.045130142 765
88.287680839 13.147773922 766
88.421709454 8.272822629 767
88.425040737 11.281608826 768
88.584954375 6.732855449 769
88.61261527 14.073489591 770
88.648643672 15.812165927 771
88.648918395 9.601929285 772
88.804959613 17.371065512 773
88.814128968 8.464875438 774
88.87844263 11.134181289 775
88.994801632 12.752937528 776
89.098040891 5.64313353 777
89.187766031 11.944208255 778
89.200358683 2.840064995 779
89.208759418 13.367573273 780
89.215429762 11.571249353 781
89.226545975 12.684258717 782
89.45243034 18.919826348 783
89.482539113 14.242365239 784
89.495885573 15.257295515 785
89.68234879 18.048197765 786
89.812963461 19.380492429 787
89.870002485 18.736558306 788
89.910723716 8.659744844 789
90.001285796 17.665874594 790
90.040525359 14.70016923 791
90.053327626 9.203039989 792
90.078303077 8.626951361 793
90.166186638 18.431852292 794
90.192193464 7.538697009 795
90.315391958 4.255632142 796
90.36449762 8.011520476 797
90.370526846 5.41281417 798
90.398896796 13.656310216 799
90.403842995 5.746646827 800
90.425169994 19.592090904 801
90.568988956 6.412567498 802
90.625834593 5.768229838 803
90.81272992 8.860464841 804
90.818956262 9.768291287 805
90.964684569 13.520884995 806
91.061385422 11.31320991 807
91.225949451 4.46506001 808
91.372179645 5.512765877 809
91.373202 11.424670522 810
91.394265214 12.447493261 811
91.41971586 5.259798543 812
91.470403988 8.917074843 813
91.539261843 8.384930431 814
91.550927946 7.494680248 815
91.613767786 6.054675725 816
92.292519267 6.032439277 817
92.463965343 7.406057781 818
92.513553981 9.759975897 819
92.615295656 10.162119759 820
92.623208322 6.863879402 821
92.745975066 7.487503698 822
92.772746468 9.418098131 823
92.823181395 7.364298568 824
92.953084563 7.293851086 825
93.107545974 7.9493975290000005 826
93.94926782 3.481916359 827
94.114316097 11.260564352 828
94.114529937 5.049633894 829
94.120837078 6.3580740030000005 830
94.316667782 4.650682237 831
94.412938156 10.456922635 832
94.486957902 6.122946982 833
94.531804362 6.869150756 834
94.757549765 11.503026257 835
94.763388635 10.506757333 836
94.924045527 8.463657999 837
95.065116944 8.204056561 838
95.290689701 6.526144873 839
95.425206014 6.159918214 840
95.503089952 12.549204003 841
95.513671222 11.757999045 842
95.528536298 6.563750293 843
95.673341343 17.728568134 844
95.676673592 6.812007255 845
95.898344375 15.448978648 846
95.98920085 14.838386457 847
96.21721828 14.565445455 848
96.232494335 8.269333737 849
96.261535075 10.902828067 850
96.264614452 12.709469122 851
96.403330879 6.136354731 852
96.453377382 8.389965868 853
96.459600549 14.707658403 854
96.64810099 17.801545729 855
96.649116468 13.595002324 856
96.655387945 16.005501899 857
96.729183701 6.76256799 858
96.837158298 12.480471935 859
96.896823321 7.531405078 860
96.968561654 8.804999984 861
96.975817157 9.914424163 862
96.982035814 9.119050968 863
97.136407121 9.874629868 864
97.196580284 8.6323843 865
97.222646308 12.765740717 866
97.410949723 18.263808943 867
97.416888632 9.153141125 868
97.448850014 13.592980504 869
97.470421031 6.90291808 870
97.476995345 8.011391188 871
97.478506669 13.823134316 872
97.479176766 7.412362 873
97.485267277 7.7191807820000005 874
97.49028936 10.829584217 875
97.496821054 8.832308612 876
97.50015339 7.13297826 877
97.556946968 12.799496876 878
97.685157079 19.640230532 879
97.814126539 11.854506902 880
97.819928267 17.069851189 881
97.958202781 13.401221985 882
97.976176975 10.81456788 883
97.981651905 8.415856042 884
98.063884734 10.701900928 885
98.198336729 6.729486932 886
98.266380266 10.804158249 887
98.371143648 6.501567556 888
98.38126743 8.514858651 889
98.393225551 17.442737321 890
98.404893327 9.940770056 891
98.728228994 18.879895386 892
98.993438462 12.032169066 893
99.000133625 11.437708276 894
99.613400854 8.444992913 895
99.707059723 6.835831222 896
99.82009263 8.952287083 897
99.833413972 6.661575968 898
100.298475264 9.530749765 899
101.115113114 8.444229779 900
101.154137734 7.180923418 901
101.175771731 9.907239371 902
101.290629325 9.921900152 903
101.315283882 6.741135692 904
101.364374426 8.393019293 905
101.396154925 10.327990567 906
101.428853194 8.657858595 907
101.460287472 7.987842161 908
101.496087346 7.823256791 909
101.541058976 6.566175517 910
101.651359904 9.68165706 911
101.957853352 8.184954907 912
101.964901914 7.7914172090000005 913
101.969743249 9.599463076 914
102.173273024 9.70284658 915
102.181676869 7.507326971 916
102.361930592 10.692671099 917
102.410687706 8.537656695 918
102.561637939 8.488363423 919
102.59192021 10.822440085 920
102.721352062 7.446107414 921
102.84835193 5.369460732 922
103.220245719 9.647702744 923
103.223124604 7.346698803 924
103.226675502 4.946521959 925
103.368522337 10.096438078 926
103.39232113 8.617827711 927
103.402336455 4.320742378 928
103.480767616 5.300808707 929
103.520846758 10.148592565 930
103.665070604 9.391351141 931
103.980568774 11.71040168 932
104.1773382 14.010460195 933
104.284417013 13.316423348 934
104.459671071 17.899121962 935
104.58807211 13.018959321 936
104.713287365 14.045669383 937
104.740092456 7.962173735 938
104.773736733 7.394987403 939
104.897714076 7.719183984 940
104.898306121 7.219156291 941
104.902760141 6.923160955 942
104.995547101 8.718535969 943
105.18006738 7.901417684 944
105.23663921 8.759147456 945
105.241109345 9.865697199 946
105.241447802 7.662425143 947
105.265692153 8.187364949 948
105.273433967 9.697653907 949
105.341377138 12.269770911 950
105.355246086 9.378621517 951
105.422639086 10.347637491 952
105.479996337 9.703770961 953
105.483453111 9.106194137 954
105.487585321 7.007132062 955
105.548843579 6.8680491230000005 956
105.718830092 9.141270206 957
105.949274178 11.575403786 958
106.178180634 14.108402477 959
106.307554073 17.142499341 960
106.373729637 7.7930566930000005 961
106.386453507 8.607099788 962
106.642547743 12.168527248 963
106.871792076 11.396171926 964
106.90322415 10.225455024 965
107.235488112 15.065435041 966
107.28752466 14.716860131 967
107.344472239 4.4565740510000005 968
107.603961546 5.7175875430000005 969
107.624108415 6.438705299 970
107.646643128 6.962022462 971
107.660492591 12.785844024 972
107.734217 7.149763644 973
107.751917225 9.67216905 974
107.836085994 12.16003546 975
108.036446088 11.158399442 976
108.489309865 9.507928084 977
108.499168858 11.520995384 978
108.639610282 13.464506579 979
109.182759953 7.797072309 980
109.187896628 7.501743611 981
109.215138398 5.826557152 982
109.220786361 5.231225679 983
109.22505933 5.035166925 984
109.347685094 7.160945883 985
109.42884889 9.044611641 986
109.607217339 5.818052733 987
109.641801564 7.555202122 988
109.712245596 6.92444726 989
109.97989294 9.195169561 990
110.294608201 9.810262838 991
110.474473787 6.184457174 992
110.528630644 9.443379821 993
110.535814491 10.251711354 994
110.60988535 6.920856532 995
110.617383815 8.630894487 996
110.636784556 10.95399214 997
110.779670881 10.796198713 998
110.947953036 10.864325985 999
111.529073287 10.043277535 1000
112.241991131 7.751754193 1001
112.911548448 6.217435723 1002
113.206601003 6.712967216 1003
113.21340939 9.324016582 1004
113.391583807 5.395027311 1005
113.574178759 9.184021764 1006
113.631756366 5.43484803 1007
114.158613623 10.068944035 1008
114.163988286 8.271512176 1009
114.167703427 6.371361878 1010
114.339809321 9.448886752 1011
114.500227976 8.808058271 1012
114.709807378 6.012141484 1013
115.42868894 8.834755768 1014
115.54365558800001 8.548803514 1015
115.566631961 9.77430188 1016
115.623102294 10.13127877 1017
115.683616835 11.093178521 1018
115.691792064 7.094308696 1019
115.731829408 8.837187981 1020
115.963364783 9.56995413 1021
115.966286793 8.871224866 1022
116.016871806 9.923988562 1023
116.02463927 10.833310133 1024
116.338201202 8.041110206 1025
116.490953523 9.095383338 1026
116.601221801 18.721702853 1027
116.781553723 20.604769174 1028
116.981094389 13.892924332 1029
117.257031355 14.068665635 1030
117.445392618 21.368684788 1031
117.631643513 18.850705789 1032
117.906100529 15.21856343 1033
117.910495459 18.528123823 1034
117.934443539 9.036547096 1035
118.136842783 16.851276098 1036
118.321548642 15.734275339 1037
118.423245423 15.134792419 1038
118.544226907 6.64162058 1039
118.55189356 8.652311475 1040
118.579552732 17.694570915 1041
118.810637501 19.628822129 1042
119.508412234 8.807434526 1043
119.512775051 7.109174783 1044
119.517384858 9.116880003 1045
119.523431319 7.019589182 1046
119.528019934 9.027367656 1047
119.617348168 14.325919894 1048
119.767080056 12.27124613 1049
119.823389701 8.922169074 1050
119.927136825 20.64501889 1051
120.060587539 18.274315505 1052
120.181801559 11.083607923 1053
120.344579197 15.253367648 1054
120.519443657 16.930540113 1055
120.599070156 20.415200884 1056
120.605444209 15.814623382 1057
120.619196461 10.31878395 1058
120.624207594 11.826411937 1059
120.651728556 8.648918442 1060
120.669149249 22.288847813 1061
120.751664516 11.353108488 1062
120.855333457 7.549805293 1063
120.95458119 8.250272292 1064
120.992272763 21.409686296 1065
121.075848599 18.78896423 1066
121.08199898 21.198785027 1067
121.122283723 10.52139723 1068
121.126198811 14.832976021 1069
121.214245603 11.414806442 1070
121.217805366 22.336669406 1071
121.22059394 12.222607496 1072
121.265746185 11.266008807 1073
121.464480103 11.765176939 1074
121.46879634 21.68579452 1075
121.475234245 19.088205638 1076
121.650176689 22.167706495 1077
121.657463699 20.672398891 1078
121.89768217700001 18.408901226 1079
122.025684065 20.439772602 1080
122.368044288 16.375388764 1081
122.450617648 9.044970591 1082
122.452609443 9.447619072 1083
122.457207458 11.055388359 1084
122.461699723 13.964369172 1085
122.464918681 11.163206046 1086
122.597225894 19.609140849 1087
122.642342149 17.25068712 1088
122.994344316 18.003253382 1089
123.001772031 20.514618062 1090
123.057932971 5.344160164 1091
123.063486944 6.15127757 1092
123.142743287 6.030170081 1093
123.284380981 9.177231943 1094
123.67312276 8.363555279 1095
123.770583131 7.258919234 1096
123.834518532 9.126168628 1097
124.39661152 7.183834745 1098
124.552022166 11.446835274 1099
124.65432912200001 9.645422923 1100
124.765892569 8.855475821 1101
125.265051467 7.150582388 1102
125.414282766 11.908449137 1103
125.471636492 7.056585082 1104
125.542735871 8.029296784 1105
125.570067611 13.266658743 1106
125.600681974 7.987094094 1107
125.755639695 20.163652773 1108
126.055366646 9.643916318 1109
126.138328993 10.328100016 1110
126.225193146 12.518917116 1111
126.326584427 8.51271429 1112
126.334127114 19.03863311 1113
126.411025138 9.098017484 1114
126.435538599 12.829589065 1115
126.476193861 10.465667533 1116
126.523691582 13.318359257000001 1117
126.538062184 12.631344268 1118
126.585874157 8.271073346 1119
126.65094998000001 12.04273293 1120
126.752611194 11.543198036 1121
126.754277475 17.255545559 1122
126.760098613 12.552799033 1123
126.760541762 11.651346553 1124
126.768006216 11.258073064 1125
126.775369792 7.759333272 1126
126.784560145 11.875744427 1127
126.798119288 19.202149629 1128
126.81289532 8.297751502 1129
127.00164931 22.311015919 1130
127.163344541 12.755549677 1131
127.190866262 20.997753779 1132
127.284989113 19.388541437 1133
127.29013272 19.193318194 1134
127.379546864 11.26877544 1135
127.4290177 20.634685264 1136
127.702290692 11.391063887 1137
127.82455109 7.501157869 1138
127.859297486 11.247508064 1139
127.864918968 17.664702982 1140
127.873615055 18.575115905 1141
127.889802721 15.285729774 1142
128.16179216 12.551747014 1143
128.347506955 16.244596 1144
128.443434366 17.442098083 1145
128.449206422 13.039418682 1146
128.454853157 18.855773185 1147
128.562948896 17.761855053 1148
128.749848401 16.54667693 1149
128.751989292 14.244011835 1150
128.856501373 17.755000032 1151
129.063425593 19.865036747 1152
129.081736269 10.266044112 1153
129.096699802 12.384713487 1154
129.175012931 8.751543347 1155
129.274673632 6.247521339 1156
129.328471758 11.915267445 1157
129.331818672 8.407632025 1158
129.363835082 15.056249117 1159
129.369716215 6.84308898 1160
129.393724899 5.064480668 1161
129.654781419 5.926288107 1162
129.663987813 7.838541203 1163
129.669766187 6.542392509 1164
129.710094787 19.610147366 1165
129.737744606 16.933299786 1166
129.837060002 21.439829436 1167
129.924014724 18.722380777 1168
130.047632601 16.040673472 1169
130.264394492 16.457883021 1170
130.361998374 9.137399018 1171
130.368286158 6.139172247 1172
130.375167347 7.147571442 1173
130.38119795 6.75284056 1174
130.494528213 18.892416004 1175
130.725195665 12.811100006 1176
130.73684951 11.220054155 1177
130.88857426 6.759563037 1178
130.955589876 15.245455799 1179
131.020701639 7.192089118 1180
131.394067842 24.198834543 1181
131.401775705 16.593187468 1182
131.481517829 9.255374705 1183
131.580217051 11.357001685 1184
131.641427262 12.024470457 1185
131.641544447 12.525316989 1186
131.707985164 12.992513846 1187
131.761241053 9.735476886 1188
131.869549727 20.067145271 1189
131.923879529 9.297168512 1190
131.926415796 8.999324633 1191
131.997172508 13.782554313 1192
132.293312164 10.66811134 1193
132.299479176 10.17354572 1194
132.443049939 15.631006783 1195
132.449428114 20.947450864 1196
132.689491513 16.478566231 1197
132.827596362 9.399628126 1198
132.834299393 10.107474481 1199
132.840481369 11.715966808 1200
132.843791232 12.320198534 1201
132.846068266 12.722948058 1202
132.853351515 8.924530776000001 1203
132.919290224 20.014576415 1204
132.936489276 25.24037161 1205
133.175892915 16.163502606 1206
133.20482612 13.181874608 1207
133.406536095 21.704214614 1208
133.985843737 7.052423982 1209
134.532591956 9.502036618 1210
134.685188919 8.05229281 1211
135.641366401 10.009987545 1212
135.752792651 10.822459222 1213
135.917371093 14.592597062 1214
135.945644764 7.309828401 1215
136.26861433 6.931001284 1216
136.272047853 7.235544136 1217
136.331958523 14.907083683 1218
136.338808017 12.810640083 1219
136.419559284 9.385934974 1220
136.471482989 5.932400992 1221
136.547422393 12.117998811 1222
136.612112251 12.082532796 1223
137.166873477 8.230561356 1224
137.173124913 15.447817535 1225
137.1797744 13.15087271 1226
137.371850812 9.336996735 1227
137.436589664 18.0199089 1228
137.634839003 7.696490591 1229
137.669175385 18.452841223 1230
137.833628184 10.699874518 1231
137.862877292 17.940024203 1232
138.056177615 10.521866478 1233
138.085555023 12.754572702 1234
138.18873475 8.150236809 1235
138.209713016 12.277730308 1236
138.868889701 11.434789392 1237
138.87995879 12.347167518 1238
138.885663661 13.654830567 1239
138.892645894 12.560102562 1240
139.051948506 13.220088537 1241
139.054711075 10.318775037 1242
139.058252381 13.326596918 1243
139.494265366 12.761163459 1244
139.647606582 10.209940763 1245
141.206356991 15.675100321 1246
141.232738099 13.097799561 1247
141.387922086 15.155549124 1248
141.497377805 16.667264159 1249
141.525937574 12.689883261 1250
141.623515597 13.388272316 1251
143.603985783 8.457870918 1252
143.813492579 9.869379477 1253
144.042967376 12.803007353 1254
144.154710132 8.80828334 1255
144.487265376 19.857464363 1256
144.582661084 9.035933759 1257
144.67826887 14.539662166 1258
144.749962229 14.01064403 1259
144.779142007 16.243540558 1260
145.01037751 21.682573197 1261
145.238040249 24.414048075 1262
145.378342164 10.732963106 1263
145.385537401 13.644811011 1264
145.390666502 12.548195416 1265
145.397282924 13.155741952 1266
145.444626978 12.702269532 1267
145.444954334 7.493561444 1268
145.465839467 23.139591866 1269
145.59937558 10.753721616 1270
145.608895679 20.177752893 1271
145.655005735 8.605385587 1272
145.718245075 13.576845136 1273
145.784368537 13.74305672 1274
145.798244516 16.260404784 1275
145.80338319 24.278376741 1276
145.803551386 25.079693526 1277
145.847826051 9.399408566 1278
146.042815796 19.910542489 1279
146.099191021 26.382103396 1280
146.272307251 9.322776853 1281
146.273968074 23.847597339 1282
146.277414121 14.436424254 1283
146.280887398 26.964474832 1284
146.281746921 9.432396829 1285
146.288987455 21.559007955 1286
146.446867455 11.501121781 1287
146.480643768 19.146652315 1288
146.531663884 20.099030754 1289
146.651220573 12.606880081 1290
146.753697599 28.739414535 1291
146.75741549 18.922801346 1292
146.787063833 20.754914355 1293
146.925980089 12.481056905 1294
147.02100765 17.884357729 1295
147.043173829 13.699945298 1296
147.050096278 15.50977586 1297
147.057825645 13.914881189 1298
147.064610913 12.519516271 1299
147.113939933 26.490211374 1300
147.117657591 19.182887636 1301
147.142368494 15.702171572 1302
147.179871981 15.539299923 1303
147.272672163 13.42872294 1304
147.278859717 16.839865507 1305
147.29270019 11.846134009 1306
147.319799723 27.502539332 1307
147.42570002 20.592502786 1308
147.470635471 11.8237728 1309
147.530912637 16.591393547 1310
147.539361864 12.493439152 1311
147.63151054 28.715613289 1312
147.696423404 10.546652824 1313
147.77532807 14.532178604 1314
147.781911632 16.942468746 1315
147.81869093 24.99176632 1316
147.892641611 18.254676777 1317
147.912766267 15.370708868 1318
148.006863722 26.081165702 1319
148.007866651 17.368637997 1320
148.122192743 12.274876957 1321
148.176001767 11.627352912 1322
148.193526637 20.959686441 1323
148.230954818 20.596561048 1324
148.309295237 15.266451684 1325
148.316153474 10.465000127 1326
148.373300737 23.242604884 1327
148.508153526 29.892842765 1328
148.608647443 27.58424882 1329
148.831430685 13.084398413 1330
148.83852022 16.496778889 1331
149.075693724 21.341186561 1332
149.124795378 7.159888491 1333
149.313977376 20.97857218 1334
149.382258893 15.838725010000001 1335
149.581903449 15.23715997 1336
149.687317969 13.73975775 1337
149.705264915 11.453236054 1338
149.998429843 13.850491369 1339
150.118230336 4.947590902 1340
150.229549088 16.585860016 1341
150.336779702 19.297082649 1342
150.56453456 13.314478707 1343
150.57181606 15.826281898 1344
150.693561181 6.725010172 1345
150.811861939 11.858274306 1346
150.826692839 17.38333712 1347
150.879762703 9.916457143 1348
150.937420244 21.099144169 1349
150.942300317 16.697700436 1350
151.004746872 6.635447553 1351
151.063691028 17.319876306 1352
151.108597361 19.167438319 1353
151.214628988 6.544737835 1354
151.220764075 8.654809089 1355
151.294506761 14.645603515 1356
151.301374701 16.055111308 1357
151.444682223 10.281061404 1358
151.451093393 12.096941004 1359
151.50520111 21.266439565 1360
151.528385711 20.38859659 1361
151.58991032 11.434124472 1362
151.802345253 7.733598091 1363
152.415368854 7.645289868 1364
152.497685407 14.345723572 1365
152.502151045 10.437121397 1366
152.506673769 10.141040662 1367
152.510226546 14.157980528 1368
152.514821826 9.84875081 1369
152.62706268 12.972365887 1370
152.702661156 11.946090385 1371
152.772173865 12.315941648 1372
152.777265852 9.009107311 1373
152.880506235 13.626532096 1374
152.91870394 8.048494151 1375
153.113260904 9.846189757 1376
153.124187085 12.467694527 1377
153.135230847 8.565550416 1378
153.140317485 8.871255064 1379
153.251018016 9.382731214 1380
153.495136545 10.328217942 1381
153.698811929 15.647127078 1382
154.004050328 12.940527667 1383
154.234708786 12.570364849 1384
154.402351436 13.539177806 1385
154.569479497 14.714347166 1386
154.574805424 13.010603089 1387
154.576448145 15.723029362 1388
154.584165219 11.116626054 1389
154.584874673 18.537127661 1390
154.594721848 14.338787931 1391
154.600923814 11.834713211 1392
154.644742451 11.076990428 1393
154.672933777 15.218643944 1394
154.776017181 16.223306101 1395
154.791239861 9.820851039 1396
154.89458786 17.143541989 1397
154.946717737 14.991423975 1398
154.964333897 15.209337704 1399
155.079441629 10.610027002 1400
155.08744494 26.651882504 1401
155.340330739 11.171404618 1402
155.361649345 19.113616273 1403
155.425188917 13.259893428 1404
155.640700595 15.585190204 1405
155.666699952 12.599907233 1406
155.830374272 26.593606813 1407
155.884209147 15.327904439 1408
156.114624014 12.747414939 1409
156.195210987 18.844961552 1410
156.200112803 13.934623854 1411
156.47312464 18.82230936 1412
156.487544499 13.621141346 1413
156.785880596 19.235289072 1414
156.85502212 18.202071438 1415
156.859370794 14.39352836 1416
156.900869836 16.544755633 1417
157.181020596 25.840990988 1418
157.372947319 27.634810666 1419
157.398295158 4.715610296 1420
157.570622648 18.51691331 1421
157.577786339 27.238926144 1422
157.579222594 18.826048375 1423
157.585197508 20.836109246 1424
157.591661822 18.437862136 1425
157.609031199 7.129779564 1426
157.71356896 5.832265284 1427
157.749910543 14.783301741 1428
157.768271978 21.420074141 1429
158.041769978 19.589333018 1430
158.117095894 16.853338788 1431
158.146522123 18.592008825 1432
158.280478783 9.804181119 1433
158.346816878 16.482149021 1434
158.365050776 16.90096584 1435
158.445275048 11.972602862 1436
158.503380382 16.738845171 1437
158.503471006 9.826820212 1438
158.51051536 14.842591649 1439
158.567674883 7.187179565 1440
158.63263613 6.951691199 1441
158.64512068 17.281134944 1442
158.649010646 9.571833029 1443
158.656404924 6.374436107 1444
158.662800684 10.98793296 1445
158.746631353 21.296189198 1446
158.754589783 25.811912184 1447
158.809480304 9.632180174 1448
159.068288116 24.923800631 1449
159.097437935 26.455281651 1450
159.257336191 13.786157491 1451
159.263082805 7.982715403 1452
159.279704842 26.837737281 1453
159.692294431 8.812526646 1454
159.698866677 10.12075238 1455
159.72876505 12.254299452 1456
159.966090699 7.884465127 1457
160.159940633 13.78741351 1458
160.273516432 12.298113738 1459
160.335172643 13.361616899 1460
160.399320945 7.816844555 1461
160.462302544 14.490397432 1462
160.698560638 15.027053598 1463
161.118312542 12.541834432 1464
161.162112305 10.58270024 1465
161.289652337 9.708821175 1466
161.537467013 10.557581099 1467
161.554978904 11.776528972 1468
161.676791579 15.805001056 1469
161.870375131 11.591310804999999 1470
161.905214547 13.629250868 1471
162.095807686 14.020194862 1472
162.099685461 14.525002769 1473
162.115489796 14.240212878 1474
162.1230564 14.748765143 1475
162.311569675 9.929451804 1476
162.319305202 11.940134361 1477
162.325771882 15.051725097 1478
162.330688354 15.156831521 1479
162.385978235 10.404563659 1480
162.432793546 13.45575637 1481
162.473646558 15.399939407 1482
162.498423606 12.619882405 1483
162.529287289 13.051294596 1484
162.641957352 16.569962561 1485
162.747718456 17.476909648 1486
162.932106704 16.158917743 1487
162.934568018 11.854427578 1488
162.984774332 13.607019068 1489
162.992430872 13.714881146 1490
164.330398883 17.757510924 1491
164.545016349 5.7529317330000005 1492
164.65179894 19.5813081 1493
165.18301051 5.890249407 1494
165.355687438 7.665115357 1495
165.407713404 7.116178272 1496
165.465187095 8.976647356 1497
165.689659961 12.706531442 1498
165.844277911 5.846715766 1499
165.927274468 6.734630916 1500
165.98180102 10.795148983 1501
166.042924838 17.266156757 1502
166.044486982 6.350915403 1503
166.198536464 9.409494491 1504
166.238163621 7.646273039 1505
166.407733563 8.016052383 1506
166.507287471 13.424059515 1507
166.620140948 8.428704832 1508
166.731577519 8.840651179 1509
167.402146166 14.0183201 1510
167.408082491 10.018072533 1511
167.413600249 7.820293671 1512
167.419267532 8.426869319 1513
167.423667441 13.739138155 1514
167.642920096 13.65786668 1515
168.109443858 11.520754724 1516
168.337979528 14.553319818 1517
168.671318192 11.181158277 1518
168.674943435 8.477076603 1519
168.872933711 11.983704562 1520
168.917002365 16.134083467 1521
169.000340644 15.416129641 1522
169.110702076 11.820904967 1523
169.239365077 15.755340678 1524
169.245549455 14.15901119 1525
169.325199777 14.739318925 1526
169.329848418 11.739476798 1527
169.334899637 9.941876209 1528
169.459780055 10.767766286 1529
169.461332301 15.57653867 1530
169.540240541 12.450686318 1531
169.545989511 13.458005093 1532
169.552081795 13.664420658000001 1533
169.559240023 13.571450301 1534
169.585824003 13.79835508 1535
169.696522647 14.009162793 1536
169.925188598 11.032964004 1537
169.940751847 13.652454998 1538
169.968386432 15.482615743 1539
170.214650416 16.931070931 1540
171.0531357 16.86784334 1541
171.761193896 18.878160815 1542
171.989984441 12.496836563 1543
172.050010767 16.663020952 1544
172.163138027 20.682464733 1545
172.229468495 12.435757382 1546
172.448255721 7.542729069 1547
172.518344972 17.031258112 1548
172.677728502 15.688311445 1549
173.29546782 10.393575241 1550
173.300401885 7.49385371 1551
173.304387731 6.596193738 1552
173.437551718 23.25862992 1553
173.443445803 16.75462328 1554
173.450388221 27.278256265 1555
173.460415669 20.277048125 1556
173.511079381 21.028817442 1557
173.516781375 7.509913122 1558
173.524434174 12.12480753 1559
173.592754881 17.204253927 1560
173.629485973 18.94343337 1561
173.806612113 25.630827173 1562
174.014320157 25.638184208 1563
174.018638269 24.039932204 1564
174.208406822 13.109113486 1565
174.309603818 27.436174453 1566
174.312862739 22.131034904 1567
174.421427921 19.43497684 1568
174.427017588 19.540765698 1569
174.43565053 18.848477147 1570
174.448700929 11.8472203 1571
174.564996411 9.158943711 1572
174.673663631 11.471343845 1573
174.708279752 11.205468018 1574
174.78784617 10.182837421 1575
174.856228612 24.777399326 1576
174.935932964 11.833687511 1577
175.150824833 12.649532399 1578
175.171298252 14.372569145 1579
175.216120176 16.724309828 1580
175.222347961 29.851328321 1581
175.226947772 19.9401206 1582
175.233807567 17.142534543 1583
175.240720088 21.15549949 1584
175.245750908 25.567515816 1585
175.250151772 18.060506749 1586
175.255784385 17.264734726 1587
175.261234981 20.475077447 1588
175.287915205 13.988386532 1589
175.335695817 13.835935594 1590
175.401169317 10.896385763 1591
175.464727396 8.054970226 1592
175.506327617 11.4024012 1593
175.513826246 9.907548607 1594
175.547037787 7.636417809 1595
175.703143803 21.317504103 1596
175.709296384 27.934171919 1597
175.714553551 21.429052101 1598
175.719534623 24.53928148 1599
175.77213733 19.584036877 1600
175.971146925 30.399765346 1601
176.423058176 24.641952468 1602
176.563122235 14.863020778 1603
176.566659064 12.763282718 1604
176.773212225 12.769472205 1605
176.788004205 13.986220797 1606
176.797585314 12.893997397 1607
176.802149859 13.499593044000001 1608
177.012465508 28.135505182 1609
177.018478327 30.345424169 1610
177.02416077 31.252580074 1611
177.036654283 12.030986599 1612
177.053605862 16.555321115 1613
177.162823224 9.352337491 1614
177.179070121 11.472724076 1615
177.252178883 10.944598225 1616
177.279430845 26.599864749 1617
177.290134005 16.29101585 1618
177.332688368 10.323880346 1619
177.366124664 11.158784302 1620
177.395648401 12.590301977 1621
177.423290779 17.125267692 1622
177.438081651 26.658410734 1623
177.517753412 15.917764064 1624
177.525091826 13.821919756 1625
177.570739643 12.064603763 1626
177.572480142 12.867240096 1627
177.636744511 10.32721698 1628
177.689839044 31.417522878 1629
177.809947862 14.407272005 1630
178.24550804 14.642495362 1631
178.680832423 12.77414507 1632
178.70970322 11.19987983 1633
178.813734025 16.71299979 1634
178.821209434 18.122688469 1635
178.956967227 14.752803742 1636
179.226628821 18.027207129 1637
179.45391194 12.64552615 1638
179.459178708 18.860736105 1639
179.463952734 17.563465985 1640
179.468678376 14.162712041 1641
179.474711218 19.076601274 1642
179.480299648 19.382574463 1643
179.899372509 16.897308141 1644
179.903472013 15.599081648 1645
179.909634037 13.401788626 1646
179.912861594 14.706977176 1647
180.801147789 14.69404977 1648
180.932049554 18.631095789 1649
180.936724753 11.623946789 1650
181.079665498 16.67507855 1651
181.180673766 9.764040641 1652
181.291611129 19.090745168 1653
181.305357607 7.784554798 1654
181.417552112 14.308534768 1655
181.578534914 19.778327251 1656
181.585046482 21.691193656 1657
181.999170862 13.687947015 1658
182.026389248 16.920636669 1659
182.027580672 10.210168938 1660
182.232501911 12.318640202 1661
182.333705299 13.721960049 1662
182.382202562 21.483241765 1663
182.388032003 13.375661949 1664
182.394034551 19.692097057 1665
182.401965489 23.309415709 1666
182.407794955 24.617035129 1667
182.430190937 8.208463128 1668
182.437823216 9.417808868 1669
182.473350952 15.564743116 1670
182.481071106 20.480395841 1671
182.490391443 10.472752566 1672
182.553561077 8.932611974 1673
182.587513879 10.970534733000001 1674
182.619977545 13.207043102 1675
182.711271367 15.502028136 1676
182.928407412 10.409142709 1677
182.963343367 16.555690736 1678
182.969789815 20.568594667 1679
183.018685 16.410696844 1680
183.170897639 13.657745909 1681
183.176450173 12.861725307 1682
183.181920614 14.269756937 1683
183.187349996 13.073007462 1684
183.191657435 14.780291029 1685
183.624834667 9.503321887 1686
183.832403666 15.821646884 1687
184.194209522 12.877666093 1688
184.198492372 12.28095636 1689
184.228413306 10.307064825 1690
184.404275171 15.592219137 1691
184.594188959 14.379637633 1692
184.643925083 14.930407156 1693
184.664986947 14.250120065 1694
184.692820863 11.572674157 1695
184.759051582 14.945382816 1696
184.917634731 13.801410787 1697
185.260929633 11.539879107 1698
185.267287589 16.755748659 1699
185.28536201 14.269361683 1700
185.416491957 14.600941777 1701
185.698451631 12.978867925 1702
185.722008641 16.108662384 1703
185.932326588 13.713386149 1704
185.939140062 11.517170096000001 1705
185.946232122 14.42939137 1706
185.99256305 13.172862626 1707
186.129850522 14.012126642 1708
186.159045452 16.946423707 1709
186.226546628 17.114055101 1710
186.485020064 15.869782806 1711
186.541022347 16.025932511 1712
186.547472694 18.336446153 1713
186.635336379 12.313441272 1714
186.666686961 15.450291044 1715
188.443205152 12.71927238 1716
188.889842904 20.178026209 1717
189.044560047 12.219190021 1718
189.108709083 9.579828782 1719
189.345427534 6.311245444 1720
189.440933593 8.009230045 1721
189.67071871 11.84408718 1722
189.727273852 12.501505722 1723
190.145792643 7.011408571 1724
190.354825344 9.023301001 1725
190.417395627 9.386438714 1726
190.483388495 7.5493985640000005 1727
190.546722856 10.116522582 1728
190.610157981 10.680659647 1729
190.826836203 10.79721991 1730
191.070569611 12.943610874 1731
191.081571707 13.154839223 1732
191.93092832600001 23.820014214 1733
192.059594952 11.829670740000001 1734
192.316373427 15.891559369 1735
192.31926145 9.685728061 1736
192.324521 11.493819962 1737
192.509981243 12.780844038 1738
192.516691477 10.784491862 1739
192.563807695 10.43110482 1740
192.630272872 12.800917531 1741
192.656390962 9.421839084 1742
192.664288577 17.341018636 1743
192.671840164 13.243048113 1744
192.678063382 12.147717109 1745
192.751549439 11.820715523 1746
192.781313421 17.6583866 1747
192.826913486 21.91110754 1748
192.83149068 13.7031474 1749
192.838221313 19.517846607 1750
193.010388157 13.381329254 1751
193.050537378 18.027748807 1752
193.054833782 10.521551413000001 1753
193.060118518 14.832991513 1754
193.076229689 16.451114261 1755
193.098550939 15.772686064 1756
193.266274063 11.233658385 1757
193.271163253 10.938176198 1758
193.332978496 20.713558315 1759
193.430090236 17.806404845 1760
193.478112174 17.553908684 1761
193.649118127 12.918528723 1762
193.651636848 18.128102058 1763
193.705162984 19.183013125 1764
193.711086627 13.381097053 1765
193.910945263 20.490446733 1766
193.917452258 19.895979308 1767
193.924791511 22.207508531 1768
193.933964019 15.406443282 1769
193.936256339 17.711714192 1770
194.383371357 16.757125723 1771
194.410629373 18.386318221 1772
194.429157018 13.798665202 1773
194.519678579 16.092306432 1774
194.543888913 18.219245449 1775
194.645453169 17.719952682 1776
194.716684761 16.389443074 1777
194.777475063 19.354064202 1778
194.791120688 24.075722785 1779
194.800422308 20.979305065 1780
194.808075491 13.576749883 1781
194.81683085 20.094352591 1782
194.849080814 17.723450656 1783
194.920141018 16.292494896 1784
195.137935041 17.611848405 1785
195.214748717 16.386930124 1786
195.224843936 13.392506317 1787
195.415202333 27.805115176 1788
195.561104468 18.83590692 1789
195.563087826 14.031219986 1790
195.790271515 25.776126628 1791
196.10995928 23.190035216 1792
196.111999709 22.891761976 1793
196.124843506 19.599862921 1794
196.338378307 28.628062519 1795
196.359991651 13.626295871 1796
196.423044089 13.589228325 1797
196.452167848 21.829828648 1798
196.46259649 24.043485203 1799
196.462698429 17.234199656 1800
196.663376107 15.532247012 1801
196.665855955 21.442777531 1802
196.803645505 19.077283517 1803
196.836876197 17.908891812 1804
196.909276892 18.882399702 1805
196.994971562 14.561792188 1806
197.020940539 18.293224883 1807
197.238168616 17.10844499 1808
197.251586303 22.32890966 1809
197.258555163 21.134145814 1810
197.261532797 18.233383864 1811
197.396906879 21.572843041 1812
197.52457869 14.189843742 1813
197.588331681 25.269309012 1814
197.617055105 15.684545076 1815
198.610358128 13.572542656 1816
198.72128663 9.676842351 1817
198.727780204 21.702229174 1818
198.73612699 19.407440939 1819
199.138642462 21.712689561 1820
199.380084477 24.557515899 1821
199.411374145 17.779351757 1822
199.609947388 8.061228081 1823
199.853503162 13.814160081 1824
200.142253641 13.601993633 1825
200.149475166 16.614303656 1826
200.153912295 11.510187497 1827
200.593653636 9.645828903 1828
200.72160291 10.174512882 1829
200.790673502 13.34878193 1830
200.998810177 16.261662548 1831
201.027000166 9.678587324 1832
201.029362607 13.38707528 1833
201.041179038 9.091992337 1834
201.417748907 13.174574649 1835
201.494920444 10.346840588 1836
201.501019954 12.156035591 1837
201.596537028 17.760898236 1838
201.699515049 15.960709436 1839
201.704984701 9.655670665 1840
201.709568832 14.968937299 1841
201.715114914 9.966128945 1842
201.720838907 9.270929561 1843
201.725703273 9.476110142 1844
201.730054553 15.49039291 1845
201.764793991 10.716905397 1846
201.77037483 13.727525454 1847
201.777607303 13.233963749 1848
201.932193577 10.283301764 1849
203.039794344 17.401138 1850
203.180705018 15.338149039 1851
203.254206175 12.807323183 1852
203.448037552 14.20316454 1853
203.665860159 18.327646596 1854
203.690700052 14.746358569 1855
203.857343648 17.016555096 1856
203.891942932 20.256580845 1857
204.161690067 12.312610798 1858
204.168090102 20.132200002 1859
204.175662532 16.633510584 1860
204.271254982 19.834616339 1861
204.27870416 18.740181329 1862
204.306365779 11.255629153 1863
204.351407184 16.408724203 1864
204.354425305 15.510291256 1865
204.358752676 18.519788426 1866
204.362871841 19.525574204 1867
204.366160119 17.124594937 1868
204.371364231 18.933002881 1869
204.374620336 20.939691476 1870
204.378379848 14.131767498 1871
204.383678566 14.437547142 1872
204.465534985 22.232686731 1873
204.633709999 12.484241091 1874
204.645740768 20.309315691 1875
204.711556888 13.964116234 1876
204.727799187 15.983856714 1877
204.744503203 19.807013745 1878
204.874250477 16.530821855 1879
204.96878927 15.122820704 1880
205.06083228 13.612263075 1881
205.068157723 13.819967667 1882
205.169364733 18.829511569 1883
205.209438398 14.361797538 1884
205.319097058 12.36847992 1885
205.324246098 16.179541247 1886
205.417940745 15.772335488 1887
205.422200845 14.774949817 1888
205.427747769 21.692244849 1889
205.433333749 18.39219 1890
205.438679207 15.89334675 1891
205.463678677 21.527905603 1892
205.58735635 21.05047888 1893
205.670844831 13.020705031 1894
205.674827172 13.325083347 1895
205.710192906 15.663814087 1896
205.715092289 15.969310087 1897
205.761884553 15.615400776 1898
205.768736335 21.532521765 1899
205.776055222 19.135598805 1900
205.782513604 18.641120335 1901
206.507944568 16.161136005 1902
206.515353459 19.173613242 1903
206.521567541 22.385486162 1904
206.529542983 13.979476982 1905
206.536898053 19.595935954 1906
207.576149312 21.637015367 1907
207.833788828 19.39028418 1908
208.070081828 20.327679214 1909
208.073439519 19.93041624 1910
208.631806468 13.678623035 1911
208.888692777 10.630758661 1912
209.489396579 16.638961332 1913
209.700350814 9.539120195 1914
209.760935267 9.900412861 1915
209.882756418 15.029732424 1916
210.054283775 13.799304338 1917
210.322354005 8.458526093 1918
210.714639707 9.551871896 1919
210.951189461 13.794761091 1920
211.095913623 12.537494341 1921
211.353489789 17.40154929 1922
211.415195511 17.263022383 1923
211.478409723 12.619565986 1924
211.508376747 14.952861547 1925
211.513502614 12.253948353 1926
211.520193205 15.565813198 1927
211.524961755 16.271374338 1928
211.70963304 11.348055279 1929
211.928667251 11.266668408 1930
212.068503702 12.107680948 1931
212.099084385 15.643703535 1932
212.560515818 17.106690704 1933
212.575241781 10.210588611 1934
212.579902713 16.224622592 1935
212.606681381 16.952637468 1936
212.682935674 15.927132262 1937
212.797828393 13.43812046 1938
213.789843977 13.027679347 1939
213.797537019 12.534559302 1940
214.088695057 10.922671484 1941
214.100086984 12.736988828 1942
214.152414778 13.891038648 1943
214.263872463 19.510949902 1944
214.317323295 16.259659164 1945
214.322729243 20.571044569 1946
214.434759226 19.781970242 1947
214.440048593 21.289200176 1948
214.446870215 17.090146096 1949
214.570155303 20.918626604 1950
214.664800541 20.81302892 1951
214.720249378 15.661106068 1952
214.937033151 12.672547272 1953
215.174870211 21.923925455 1954
215.179678923 14.317402786 1955
215.229121223 18.172898079 1956
215.231808193 15.571594089 1957
215.236706503 15.776883613 1958
215.239723725 12.67475709 1959
215.628870751 20.074919121 1960
216.672037985 22.119393001 1961
216.904726569 18.246164993 1962
217.236159002 17.175053053 1963
217.491635149 20.635748961 1964
217.600893168 19.142659788 1965
217.714183026 17.953734002 1966
217.946127702 16.883520013000002 1967
218.09043259 31.650375856 1968
218.22324739 16.659907564 1969
218.243981088 16.580458619 1970
219.06770872 22.91293797 1971
219.074731821 23.921257002 1972
219.08242473 20.724390573 1973
219.123938436 11.850156515 1974
219.279680799 7.597622158 1975
219.333561135 17.870356278 1976
219.564420894 23.810234401 1977
219.925693513 30.4805422 1978
219.930201775 25.577814779 1979
221.1000634 23.442930588 1980
221.212091834 14.138767929 1981
221.250919189 36.112986471 1982
221.343234794 22.384217502 1983
221.472104366 19.007251663 1984
221.580385128 11.50128918 1985
221.669853081 37.032836425 1986
221.691423661 19.026152921 1987
221.705558368 28.254426046 1988
221.858095012 25.202385536 1989
221.897351524 19.131945101 1990
221.952395553 35.812851011 1991
221.9605365 26.106269762 1992
222.047159284 22.887804651 1993
222.101676079 26.04707157 1994
222.325196829 18.958787196 1995
222.341587366 11.66125501 1996
222.434011868 27.080305409 1997
222.457473051 20.393223848 1998
222.605404383 14.630202953 1999
222.661694037 18.994771164 2000
222.736536193 22.174669745 2001
222.925972295 25.669436505 2002
223.055269108 11.673738914 2003
223.114987832 29.563699299 2004
223.126750571 12.546568381 2005
223.129710505 11.347395 2006
223.135043052 10.951804208 2007
223.13743287 13.358909478 2008
223.231012204 13.7531234 2009
223.301385327 29.249305624 2010
223.407025549 30.656682978 2011
223.456786593 21.492756849 2012
223.56824759 25.811019247 2013
223.612191587 22.649751292 2014
223.686292195 19.518655329 2015
223.800219304 26.844134892 2016
223.811760229 12.830906006 2017
223.832094715 38.593974795 2018
223.87068761 15.795302086 2019
223.876433776 17.705941053 2020
223.88234554 17.209913332 2021
223.887834597 18.518567106 2022
223.892624026 24.332635703 2023
223.899239698 29.646990351 2024
223.905474473 15.529650608 2025
223.912003309 11.12785817 2026
224.02361428 25.264909369 2027
224.066760012 14.789219457 2028
224.211899633 12.329327819 2029
224.218942162 11.835269106 2030
224.227036771 12.745375194 2031
224.235610662 19.066618379 2032
224.243608117 19.775491278 2033
224.251531829 13.170540892 2034
224.25911349 15.182094077 2035
224.266761646 17.794762786 2036
224.296315334 12.012829656 2037
224.302832583 20.73604311 2038
224.309112556 11.825227411 2039
225.222332957 20.654121177 2040
225.696401814 21.929339225 2041
225.929270212 21.961939424 2042
226.160004445 16.782256355 2043
226.166721203 21.498338126 2044
226.217236421 15.336543452 2045
226.219980626 15.038767332 2046
226.389044392 16.209634318 2047
226.413699445 23.44796518 2048
226.47732772 19.103331382 2049
226.541267686 28.683893591 2050
226.624587794 18.448999263 2051
226.656696896 17.980302472 2052
226.672358302 15.090468026 2053
226.676712535 20.405174924 2054
226.710860443 20.94105439 2055
226.813111557 13.427715836 2056
227.022804802 17.845480375 2057
227.027529495 15.044723912 2058
227.032718112 19.257869046 2059
227.732205814 27.270464072 2060
227.915053319 20.440835084 2061
228.173730525 19.898022145 2062
228.18158914 18.603532377 2063
230.04528128 19.264717323 2064
230.124243362 32.667320902 2065
230.313660442 7.406421224 2066
230.396595875 12.497428086 2067
230.448191083 13.45045175 2068
230.839791719 8.733918457 2069
231.395962167 13.997521331 2070
231.401667008 23.827180683 2071
231.535061013 10.430562153 2072
232.291926784 10.486558732 2073
232.293315303 16.804362447 2074
232.297941578 19.112972488 2075
232.299921849 17.211718787 2076
232.695319905 24.119165143 2077
232.739224954 17.95151936 2078
232.766559365 13.565123223 2079
232.768440125 13.366736591 2080
232.833751083 26.763496932 2081
232.834139511 12.531006576 2082
233.06578416 12.361898126 2083
233.46004499 14.559141926 2084
233.661445209 13.859191264 2085
233.729035992 17.939591523 2086
233.780742269 15.681215055 2087
233.914669029 17.21759972 2088
234.234215537 20.348092394 2089
234.241227562 32.076914455 2090
234.247271801 12.942587899 2091
234.262754977 26.387763495 2092
234.270535013 14.067536413 2093
234.271725583 31.406193944 2094
234.304692819 17.507498861 2095
234.544403241 16.144333567 2096
234.598409675 30.230491491 2097
234.663533432 11.055112525 2098
235.031864217 13.12635828 2099
235.035578818 14.431917059 2100
235.040844696 21.755755794 2101
235.512820022 29.642863227 2102
235.516850143 22.632542198 2103
235.521928662 21.836111587 2104
235.525794129 19.636230284 2105
235.676669477 31.809499909 2106
235.836775144 22.251103875 2107
235.843818613 37.686020422 2108
235.935311678 13.128326824 2109
236.231730047 34.468050322 2110
236.536403854 30.164645055 2111
236.701466553 26.722586534 2112
236.74406234 18.944983977 2113
236.941486014 31.672339006 2114
236.949237567 26.669606647 2115
236.954864321 38.997306213 2116
236.959561342 19.661332103 2117
237.141444023 20.243954281 2118
237.381694073 18.781272253 2119
237.387311127 18.686665848 2120
237.498810512 28.722283751 2121
237.50466307 43.052154636 2122
237.505757812 16.301161225 2123
237.51186825 22.824367232 2124
237.517215285 22.228577265 2125
237.522200892 22.333779441 2126
237.528210359 15.322085624 2127
237.530917869 24.546431029 2128
237.533086305 22.645262814 2129
237.539125087 23.552798977 2130
237.545045607 26.26364249 2131
237.550639845 33.282879489 2132
237.555350727 27.87706467 2133
237.561547362 32.793049807 2134
237.566608638 31.997089438 2135
237.570937117 34.505040926 2136
237.681585727 15.275169044 2137
237.687487221 16.88345484 2138
237.81380082 19.313499986 2139
237.947322785 20.348506445 2140
238.058062968 33.089284871 2141
238.065559409 27.685737341 2142
238.068732511 24.98401319 2143
238.077570974 30.402915092 2144
238.23933577 18.136555751 2145
238.247771688 17.343644226 2146
238.248123483 33.179223908 2147
238.254092579 18.652112762 2148
238.26189743 43.208555156 2149
238.269346354 31.396480653 2150
238.277850184 32.307800716 2151
238.285824156 40.728790918 2152
238.385623676 31.212062082 2153
238.54691652 15.539567973 2154
239.09898162 33.429310915 2155
239.105142807 20.905426816 2156
239.247340647 29.368701648 2157
239.373100473 34.504441875 2158
239.627751911 25.040542508 2159
239.755392742 30.878785692 2160
239.762453101 31.286447885 2161
240.399412452 26.913894298 2162
240.628773648 22.629447639 2163
240.688387036 13.874467404 2164
241.359046872 16.548452562 2165
241.635261807 11.715518864 2166
241.648501387 15.034878854 2167
241.693763447 17.283944554 2168
241.756943026 13.941385845 2169
241.836192902 25.64609505 2170
241.842274816 27.555496591 2171
241.896932424 9.572255441 2172
242.255882151 26.666843656 2173
242.256229897 12.236296276000001 2174
242.258092051 11.436517385 2175
242.261134231 29.577095068 2176
242.261894057 13.444522292 2177
242.266360159 16.253452228 2178
242.266850991 15.152498143 2179
242.271700888 10.849019675000001 2180
242.276334997 23.976424677 2181
242.288267127 18.479547168 2182
243.234620928 18.624417162 2183
243.421550802 23.719427829 2184
243.565075461 40.298817416 2185
243.620182778 16.004886181 2186
243.706735875 37.134484912 2187
243.832596064 20.424479531 2188
243.862352122 26.764494013 2189
244.097833462 16.382464331 2190
244.399166248 11.774019429 2191
244.403994396 11.678666474 2192
244.409891812 20.200468164 2193
244.414297296 22.909341289 2194
244.420818328 28.130571388 2195
244.456031002 16.440123108 2196
244.462292961 21.755497919 2197
244.465249699 18.752999338 2198
244.469602183 11.143407362 2199
244.473534721 24.070221039 2200
244.477817704 29.08907871 2201
244.481264363 21.974746577 2202
244.482315936 11.556693772 2203
244.486257417 51.135236718 2204
244.73813337 25.937315753 2205
244.81619048 22.509965754 2206
244.839890302 19.628533238 2207
244.94212983 16.224985343 2208
245.087663027 11.961758787 2209
245.316575094 41.849989602 2210
245.323620839 16.906999678 2211
245.835936841 16.217027257 2212
245.844417887 26.342566093 2213
245.852603798 19.539324123 2214
245.861890019 24.156611197 2215
245.869619304 22.762084816 2216
245.877923587 16.05843324 2217
245.885299186 15.665086672 2218
245.89297649 15.572492899 2219
246.086672634 14.764184299 2220
246.418590019 29.921793693 2221
246.423864407 26.521497831 2222
246.430176267 17.212072693 2223
246.43510266 15.713728127 2224
246.440223788 19.425960502 2225
246.446128758 20.33309554 2226
246.451710052 21.540833352 2227
246.518967401 29.922013747 2228
246.597268689 16.076331027 2229
246.656944369 17.739337892 2230
246.721711389 20.308290856 2231
246.729260499 27.628002299 2232
246.735696976 14.912113027 2233
246.780006313 21.167990842 2234
246.845567031 22.836574798 2235
246.996600542 31.307383654 2236
247.237890315 29.538930752 2237
247.245708828 30.047644696 2238
247.252495398 26.248121875 2239
247.6276443 24.11938278 2240
248.115526085 26.510392998 2241
248.118334689 33.931695695 2242
248.121591466 28.820001875 2243
250.650718897 30.648028091 2244
250.878246106 14.146227125 2245
251.088878124 45.619453336 2246
252.250850332 24.335178363 2247
253.339294108 46.366204567 2248
253.339354156 17.208297427 2249
253.343095653 30.736428462 2250
253.381678843 29.272452258 2251
253.386451647 41.303469538 2252
253.401683076 10.861002675 2253
253.582714926 16.249829727 2254
253.627875583 13.591067279 2255
253.662357773 25.446194147 2256
253.693520316 21.268706949 2257
253.722908125 31.717193763 2258
253.916950659 18.987934162 2259
254.235848852 13.998712881 2260
254.243539374 23.121382911 2261
254.248154872 18.417550895 2262
254.25348179 22.730641169000002 2263
254.259019578 19.43024852 2264
254.319698 33.816207413 2265
254.512382045 14.375381583 2266
254.61997097 15.584663965 2267
254.687085749 23.063992441 2268
254.739620533 40.252497425 2269
254.926273614 19.195877122 2270
255.338019888 23.614666949 2271
255.348215833 21.120496672 2272
256.190024983 41.803021566 2273
257.023320987 14.983532158 2274
257.201712029 25.27790642 2275
257.491672183 13.849151239 2276
257.523805909 18.788975704 2277
257.903306999 31.690147328 2278
261.125283533 11.873590512 2279
261.184414101 20.045885823 2280
261.217737787 18.977562144 2281
261.548044845 32.229720634 2282
261.736011394 16.791658666 2283
262.174008073 27.746012866 2284
262.179303661 31.257536414 2285
262.951155992 10.293865164 2286
263.365162524 20.023131766 2287
263.372062483 37.860167362 2288
263.844333321 15.594158154 2289
264.388731722 18.64275679 2290
264.392518273 19.24780686 2291
264.584984052 14.231328685 2292
264.846657422 31.620592159 2293
264.978361164 24.040211573 2294
265.004482898 17.355356342 2295
265.458271341 27.324329833 2296
265.562384346 23.222073163 2297
265.671620099 30.341964837 2298
265.823541472 15.369782478 2299
266.587149976 20.540525327 2300
266.826767811 33.80099804 2301
267.391605668 19.542216937 2302
267.867975697 20.419253124 2303
267.876177849 27.939520495 2304
267.882433049 18.430338962 2305
268.12225287 30.989620654 2306
269.444500598 42.730677217 2307
271.350743019 23.401193847000002 2308
271.640821544 34.007534003 2309
271.820546122 40.598240419 2310
271.860124023 54.36150167 2311
272.039986971 19.783268378 2312
272.040068738 43.423066997 2313
272.131424651 22.579136739 2314
272.653415026 56.563472588 2315
272.656656218 37.627389887 2316
272.797911133 35.364888888 2317
272.949247533 19.190106243 2318
273.025968948 42.605262444 2319
273.386451245 45.270419905 2320
273.585217796 47.071685724 2321
273.711527466 23.658324237 2322
273.720808162 32.281841518 2323
274.060538709 25.209394521 2324
274.065155238 29.621475381 2325
274.111417458 67.338703909 2326
274.459344967 31.017159887 2327
275.908936106 13.436654203 2328
276.133136996 26.480625288 2329
276.507098923 13.734316466 2330
277.65816659 19.992935336 2331
278.2441745 37.506276464 2332
278.75166578 33.206060567 2333
278.935523602 28.181209067 2334
279.064698144 32.216828078 2335
282.472743775 51.450779394 2336
283.008416159 44.373744426 2337
283.156504733 24.089252927 2338
283.363766491 22.193379344 2339
283.652614968 20.979996 2340
283.783556819 74.80673273 2341
283.966143843 25.80024721 2342
284.14474033 22.273326875 2343
284.393502815 29.332302734 2344
285.552277314 18.872740546 2345
285.807470211 60.395711024 2346
285.81299415 17.730980274 2347
285.840068835 42.097407056 2348
285.967358147 29.503875874 2349
286.042823575 34.48741862 2350
286.469854474 21.994253184 2351
286.494163456 48.660676991 2352
286.729087369 25.658845718 2353
286.738821034 15.051220717 2354
286.801823054 58.2849949 2355
290.100150718 43.853224139 2356
290.647620594 29.07681177 2357
294.305685997 15.506275646 2358
295.529610638 24.442946888 2359
295.657168101 38.893132491 2360
295.663058715 50.818867951 2361
295.801990312 56.366045388 2362
295.964592951 69.050444722 2363
296.310078944 29.93108365 2364
296.317622698 38.352059447 2365
296.325192637 51.981682312 2366
296.515915937 64.391701245 2367
296.826901858 20.832428467 2368
296.863652281 30.885294649 2369
297.198258484 35.527206729 2370
297.202804306 38.43597581 2371
298.288825246 21.993809636 2372
298.668787246 28.283065064 2373
298.853415822 29.168910319 2374
299.023977628 43.862625539 2375
299.145802136 65.31862389 2376
299.204513896 34.829177634 2377
299.934891751 51.484374657000004 2378
300.245072584 68.221033739 2379
300.342808013 35.466610175 2380
304.085076063 31.796550368 2381
304.087187096 51.229609619 2382
304.282202917 21.776641203 2383
304.28971653 10.965720045 2384
305.173036826 35.38841053 2385
305.17585208 81.467286465 2386
305.180158109 30.788092505 2387
305.183101872 29.388883296 2388
306.5314122 26.730046959 2389
306.629238553 23.321564274 2390
306.782781754 26.380276888 2391
306.839263085 51.077065665 2392
306.906119172 23.998904078 2393
307.253995668 19.339190112 2394
307.260328359 66.923054029 2395
307.276129225 65.436571274 2396
307.280970107 55.92582551 2397
307.285795467 48.919570438 2398
307.397899547 64.456603539 2399
307.533925998 66.896161907 2400
308.258969288 53.49825002 2401
308.558183821 53.196560306 2402
308.610258074 19.493449582 2403
308.674277641 30.475710417 2404
308.90787701 37.020056472 2405
309.331206988 22.117627345 2406
309.638449974 47.566741595 2407
309.93909832 24.528136318 2408
310.040019125 27.434246735 2409
314.152421187 41.46337284 2410
314.755713625 71.613980644 2411
315.022059405 51.548227745 2412
315.150172182 69.003373049 2413
315.279107252 87.964395341 2414
315.55073455 25.031236145 2415
315.826998317 36.526556702 2416
317.715312073 47.530139478 2417
317.773649325 49.391089946 2418
318.02208224 31.91020657 2419
318.040017757 80.306647295 2420
318.268346577 42.374001833 2421
318.355633155 22.727267049 2422
318.382034616 45.39242523 2423
318.660478878 39.159709018 2424
318.66270356 43.269071203 2425
318.683224901 42.087856147 2426
318.69080203 23.864005934 2427
318.698407236 24.973834849 2428
318.70614603 55.432612644 2429
318.713153572 57.242454144 2430
318.771029783 26.648754149 2431
319.036913829 50.454167908 2432
319.041619589 18.103849293 2433
319.043851938 33.332436461 2434
323.773548215 39.664595373 2435
323.977968405 55.795822075 2436
324.079705888 59.003090195 2437
324.245873301 51.757054747 2438
324.527523286 33.707487521 2439
324.639794189 61.065848359 2440
324.823562396 59.646656197 2441
325.099882615 41.391646768 2442
325.295043803 68.931658599 2443
325.410499902 64.03994112 2444
325.416209909 32.192345138 2445
325.422409417 41.614054288 2446
325.43164057 35.513171334 2447
325.439786245 111.353235609 2448
325.446059992 40.435740269 2449
325.637732995 76.986825257 2450
325.669308931 91.141087899 2451
325.670524126 83.029689277 2452
325.676658084 37.160712876 2453
325.707601644 68.743299971 2454
325.934223277 26.799640728 2455
326.029203503 69.966194045 2456
326.071941111 57.388970888 2457
326.079529725 93.85504952 2458
326.125681628 59.646537014 2459
326.168581666 33.645727595 2460
326.174670229 36.155979044 2461
326.222905232 97.205188467 2462
326.227467727 67.660966961 2463
326.331721405 60.052897385 2464
326.43330829 31.205701859 2465
326.433962336 52.943667694 2466
326.543020679 97.425086124 2467
326.713328541 72.453401859 2468
326.754337892 43.947243584 2469
326.781053049 88.446677743 2470
326.787750966 100.875081825 2471
326.969491902 31.140766896 2472
327.379294506 102.268048879 2473
327.385708013 46.682773455 2474
327.394470911 29.562490957 2475
327.4024337 32.274981843 2476
327.408949417 54.118915378 2477
327.48565074 34.061508669 2478
327.886850272 41.975214964 2479
327.894770246 53.202113828 2480
328.192951891 92.562788782 2481
328.439440618 48.237367769 2482
328.709547936 63.432455654 2483
328.711254622 28.174168028 2484
328.714829493 49.614930372 2485
328.864273058 48.361681191 2486
329.959344422 58.171650102 2487
330.615592213 40.196167909 2488
330.917201966 55.824028847 2489
331.129951774 33.999095415 2490
331.416468175 91.580013176 2491
331.438166315 91.000720674 2492
331.54194358 31.806184802 2493
332.722789528 84.572836617 2494
332.729667119 85.481222281 2495
332.736712326 109.528983191 2496
332.981275082 33.145350029 2497
334.605397575 70.831005181 2498
334.745555236 98.414169322 2499
334.831719242 36.29867502 2500
335.005072619 38.675542259 2501
335.118089543 84.964802555 2502
336.035273902 52.827747054 2503
336.227947771 99.796446418 2504
336.334420579 66.950354598 2505
336.49421651 89.446046904 2506
336.525434365 36.589381708 2507
336.551194675 64.162534111 2508
336.837412399 88.48699151 2509
337.17886638 88.127431842 2510
337.308713798 85.653063011 2511
337.318274281 62.826109865 2512
337.380219179 84.121853024 2513
337.468564967 80.604446902 2514
337.61159546 109.295176679 2515
337.961226171 76.991081021 2516
337.966653511 40.334958195 2517
338.207267769 56.102454863 2518
338.230011661 40.998925493 2519
338.544042701 69.360335454 2520
338.650322619 73.673915736 2521
339.218735385 56.913545564 2522
340.662314913 93.313714623 2523
340.865368387 70.279268493 2524
340.870341725 53.356301295 2525
340.982803799 54.470204621 2526
341.09495951 77.721263061 2527
344.943647688 46.310467209 2528
356.720584614 55.482270053 2529
356.806060743 112.162060818 2530
356.901341212 62.575735193 2531
357.481606591 90.401368171 2532
357.638606471 61.910067607 2533
357.964674222 153.8971819 2534
358.678634825 67.157481559 2535
358.996638222 119.660832685 2536
359.458619809 60.525086323 2537
359.701384104 62.269994199 2538
359.761520581 117.821831627 2539
359.891125392 92.309965527 2540
359.996655691 67.373698836 2541
360.18710324 63.15641267 2542
360.627527011 87.838199909 2543
360.841384867 112.090338694 2544
361.835580051 84.63905886 2545
361.842533881 65.41287165 2546
362.269614266 128.342270208 2547
363.261598304 70.438376666 2548
366.858118268 87.457465373 2549
367.094099098 106.324174856 2550
367.513637282 119.463843608 2551
367.630956218 94.040509914 2552
367.847945008 101.969874674 2553
367.89965467 100.618970931 2554
367.991938162 138.47325685 2555
368.144930317 102.066335857 2556
368.149256581 108.68147079 2557
368.423389925 117.168326917 2558
368.429323482 69.194522518 2559
368.435788566 83.625694745 2560
368.440269766 86.836074162 2561
368.497018498 72.968896037 2562
368.815972202 70.683543948 2563
369.055729028 121.907453011 2564
369.064093841 101.082248101 2565
369.493737803 117.537503858 2566
369.800299799 71.367444815 2567
370.026554219 92.4292267 2568
370.129748221 115.569379576 2569
370.236791507 144.424353233 2570
370.626406784 101.04213823 2571
371.154537949 99.56705486 2572
371.74360023 71.306747356 2573
371.976102475 96.983048493 2574
372.136988864 72.100776898 2575
372.26998652 119.512561106 2576
372.491359838 80.469238834 2577
373.20058498 129.057338611 2578
376.477254489 76.140572332 2579
376.790810229 97.08969396 2580
377.08337661 108.099983028 2581
377.281482854 81.853480298 2582
378.190707744 80.859529902 2583
379.297846551 133.952726106 2584
379.301152521 122.737476788 2585
379.307766206 98.705006969 2586
379.311651773 105.921508851 2587
379.554356216 80.821046715 2588
379.574415491 88.153370543 2589
379.580014439 81.547693481 2590
379.588407345 124.126595213 2591
379.594025221 122.529583907 2592
379.871633439 134.426244081 2593
380.094581116 85.668740456 2594
380.245642917 81.21182545 2595
380.35714016 97.951839809 2596
380.657931231 103.26091707 2597
380.985009425 130.330841597 2598
381.059664319 128.502550431 2599
381.140384314 123.274892954 2600
381.328599147 143.094441657 2601
381.649080646 142.413366865 2602
381.65143131 123.88608489 2603
381.659553888 93.544414708 2604
381.730687236 144.698179594 2605
381.736411296 97.727626889 2606
381.742635878 128.083671647 2607
381.778302479 85.548934681 2608
381.785303485 102.184398365 2609
381.791472631 140.552739646 2610
381.828334393 121.859628382 2611
382.0034843 139.863535572 2612
382.046764334 114.866241285 2613
382.134590301 121.865380778 2614
382.203333193 124.738365656 2615
382.29706096 131.342434978 2616
382.331680017 105.53580916 2617
382.381655565 137.136810973 2618
382.383357811 90.561614305 2619
382.549674234 104.451278787 2620
382.586041752 81.247499249 2621
382.689719431 153.271170049 2622
382.702817845 136.155456778 2623
382.722517792 93.20486691 2624
382.729692475 129.571498566 2625
382.803267808 148.675692877 2626
382.822815424 158.913995813 2627
383.027760217 108.936313916 2628
383.239155788 172.759212502 2629
383.320046231 102.116412059 2630
383.428594051 111.340474896 2631
383.582074327 132.727599879 2632
384.923533713 144.08550801 2633
384.927587604 146.493091659 2634
388.693749033 117.807352492 2635
389.47187363 137.31530989 2636
389.481927022 106.775973792 2637
389.753544914 117.765612858 2638
389.791760324 115.900682094 2639
389.867628041 112.971671219 2640
389.914808898 136.055540437 2641
390.063239591 131.196265469 2642
390.188537478 175.200499277 2643
390.192585248 131.726260205 2644
390.198449409 113.202254019 2645
390.202135516 122.420692937 2646
390.424019816 142.674765857 2647
390.429930396 136.470381114 2648
390.437755939 102.823538161 2649
390.445598707 115.252236045 2650
390.451676986 137.493881229 2651
390.56528132 112.767481125 2652
390.591016139 90.454653704 2653
390.792476919 144.044778723 2654
390.816037213 116.5241908 2655
391.780816269 114.68444696 2656
391.783789673 113.284765258 2657
391.790761375 152.054420767 2658
391.791552597 134.52676752 2659
391.797935249 152.662434568 2660
391.80050749 104.687093736 2661
391.804149762 154.571374959 2662
391.809938777 110.506211465 2663
391.814671753 94.283206142 2664
391.978541043 98.354102789 2665
391.98504554 123.502412385 2666
392.455760506 102.236717403 2667
392.804506287 128.529247399 2668
392.810112099 148.867216372 2669
392.846831202 104.531379611 2670
393.12501025 109.717194254 2671
393.230717807 115.232501343 2672
393.269492456 119.278211735 2673
393.275651893 121.087342863 2674
393.524047152 158.895704909 2675
393.658814993 156.82665046 2676
393.967289059 113.965605856 2677
394.291312026 129.515263293 2678
394.604630878 103.483980864 2679
394.659280253 139.798371622 2680
398.311240173 100.078674409 2681
398.436842733 109.219822025 2682
398.545376353 142.382176515 2683
398.611259179 128.626425719 2684
398.7474423 97.709487928 2685
398.873074636 139.20494652 2686
399.117598407 128.631680724 2687
399.348076293 131.967255688 2688
399.497511725 118.093570671 2689
399.57856825 108.557991757 2690
399.704247463 136.530910351 2691
399.817437392 139.448138492 2692
399.956331997 119.153247866 2693
400.111928808 133.332165288 2694
400.148861848 125.556389754 2695
400.320573089 123.023846051 2696
400.988296767 129.50104343 2697
401.189866808 127.499234325 2698
401.218476425 119.013494272 2699
401.489188481 176.979222576 2700
401.503356476 113.488305358 2701
401.52204295 157.278629612 2702
401.569919271 136.994126653 2703
401.633590682 156.58901422 2704
401.793658136 137.818820429 2705
401.850833367 165.319140625 2706
402.032017624 141.462399937 2707
402.035576781 136.357814442 2708
402.041713474 167.713842793 2709
402.1096495 133.226352468 2710
402.183904798 139.311033045 2711
402.188433318 120.684368135 2712
402.194065773 156.347852189 2713
402.34312854 165.711193979 2714
402.369604952 120.364876134 2715
402.631026141 131.444197184 2716
402.722505638 159.680979083 2717
402.80614831 143.638732922 2718
402.957927515 117.747197333 2719
402.96454844 164.129539653 2720
402.97020127 115.656535781 2721
403.057521197 126.662428001 2722
403.137056995 146.47323468 2723
403.208994995 166.276650568 2724
403.323266309 103.687622143 2725
403.338141687 118.22761162 2726
403.436303606 187.446626093 2727
403.560141622 115.344834171 2728
403.685437734 118.374555096 2729
403.793095043 151.936991475 2730
404.306317503 128.612215771 2731
404.620507578 142.648959774 2732
404.694151721 126.99654056 2733
404.902383081 112.479711823 2734
407.557284549 108.222285009 2735
408.306998403 153.946984047 2736
408.759124963 165.517275489 2737
408.844446646 110.912316146 2738
409.014664433 120.19828989 2739
409.204969463 146.131708311 2740
409.210343269 171.176543461 2741
409.215645547 165.172568018 2742
409.661152894 120.644436369 2743
409.738614656 117.416090974 2744
410.010063327 151.343397558 2745
410.214595422 126.606477886 2746
410.352179483 115.725860406 2747
410.353265594 159.198374039 2748
410.390239099 141.607088981 2749
410.394748725 159.340028188 2750
410.398743887 118.777423399 2751
410.403262531 130.501702065 2752
410.407665479 145.030391021 2753
410.416692865 140.932526049 2754
410.421288853 150.352444741 2755
410.623704806 120.004072852 2756
410.724614097 109.887024512 2757
410.826837154 129.923638666 2758
410.898665565 150.72958588 2759
411.289920452 157.230257642 2760
411.296176264 136.403278099 2761
411.300958001 189.896101175 2762
413.341356954 118.013620556 2763
413.346537581 153.578150143 2764
413.350237177 125.535593749 2765
413.719214245 170.176871172 2766
413.969890569 147.390534704 2767
414.019010703 172.680197108 2768
414.073250892 125.657488209 2769
414.079347577 150.004375399 2770
414.39039832 172.851343269 2771
414.398441252 127.385115398 2772
414.471773313 133.368246261 2773
414.478018918 179.348607953 2774
414.484582141 147.60461768 2775
414.491192755 176.557562968 2776
414.616590364 156.350558296 2777
414.804470473 160.34425201 2778
414.817423454 164.964483854 2779
415.057842972 118.327669848 2780
415.063053061 144.978131089 2781
417.056569948 178.521993244 2782
417.60112164 132.89121922 2783
417.831397891 126.109900844 2784
418.199385232 128.58149346 2785
418.432209119 136.727874829 2786
419.005185522 176.16407687 2787
419.119488223 185.49276468 2788
422.760838575 149.871360515 2789
422.99057271 134.074046414 2790
423.105562041 126.175094974 2791
423.50110826 143.198872896 2792
423.509579568 129.384313431 2793
423.776782464 154.49297712 2794
423.928712761 131.005387495 2795
424.152643887 181.411654917 2796
432.541287521 174.97619153 2797
432.581568006 146.369484179 2798
432.859035944 145.945831655 2799
432.911039262 175.746396207 2800
433.115606563 178.154501789 2801
433.281201926 168.605231514 2802
433.336781601 171.064796881 2803
433.408748863 165.727458852 2804
433.426898852 149.518381599 2805
433.497092402 192.45884121 2806
433.517397325 144.801214598 2807
433.596471498 201.07143242 2808
433.603885837 187.657491951 2809
433.647658603 184.696360626 2810
433.828473162 193.290830802 2811
433.991416487 192.352144089 2812
434.089115544 200.562571565 2813
434.136042192 168.55846626 2814
434.271009488 163.985618823 2815
434.277917035 204.15784028 2816
434.315550775 209.004039652 2817
434.537952708 172.366123196 2818
434.655169681 136.923288904 2819
434.662532722 148.650752019 2820
434.755432773 158.660770612 2821
434.803104393 184.249104914 2822
434.811166127 156.412285868 2823
434.817376483 143.897025774 2824
434.824921337 161.034066737 2825
434.831728873 178.868955937 2826
434.837982973 138.207913119 2827
434.875006256 215.873862754 2828
435.119178814 145.300845887 2829
435.233566565 186.081946538 2830
435.332877107 158.837645933 2831
436.275178004 151.965949603 2832
436.298044812 136.762716366 2833
436.585339415 147.268096413 2834
437.213890403 145.291865988 2835
437.665123011 146.444387438 2836
437.899441636 184.34067403 2837
438.379187204 177.709374075 2838
438.386982566 150.672546366 2839
438.743043019 189.391104094 2840
438.848358517 163.254431358 2841
439.286943847 142.45664859 2842
441.365035412 151.947560747 2843
441.379019519 162.479418291 2844
441.674151023 151.95603698 2845
441.69208494 186.430575959 2846
441.793590273 174.813496225 2847
443.40936192 215.994452132 2848
443.411312027 187.148028926 2849
443.544676096 176.063692492 2850
443.867442151 147.838431068 2851
444.086591834 213.465391903 2852
444.090122152 160.582145435 2853
444.093710078 160.986231819 2854
444.233878564 186.869055398 2855
444.24414842 180.569880299 2856
444.278293101 158.767197585 2857
444.282826065 206.749708629 2858
444.288363741 174.403615188 2859
444.328707685 150.403799539 2860
444.47658059 185.209007352 2861
444.545752004 173.759494526 2862
444.582077242 198.936262451 2863
444.646143224 209.116179925 2864
444.71061588 161.703289936 2865
444.770937233 158.358493144 2866
444.877376917 163.874035632 2867
444.953043853 144.215638724 2868
445.099992874 154.380179185 2869
445.107065592 150.881640461 2870
445.114935664 174.428754664 2871
445.120184744 195.367384265 2872
445.127905138 154.808716998 2873
445.132580159 200.388494788 2874
445.138671354 151.313936499 2875
445.145324128 194.891791453 2876
445.149333217 157.735545058 2877
445.154858901 209.123931996 2878
445.159407924 189.497378855 2879
445.16430728 173.777174859 2880
445.169155444 184.699662694 2881
445.173971208 197.625043422 2882
445.190840625 150.664808261 2883
445.199449005 191.039662991 2884
445.237822877 185.669839873 2885
445.24286139 231.456929901 2886
445.247854712 151.723561404 2887
445.267863635 159.456350159 2888
445.468542732 166.76931565 2889
445.813708733 212.387301344 2890
445.934643268 192.475972267 2891
446.052857129 187.987140319 2892
446.179979635 154.859113705 2893
446.335886363 168.838761711 2894
446.50853959 173.418747443 2895
446.550988871 219.336421072 2896
446.800058347 170.605280186 2897
447.02735314 212.298749705 2898
447.390994913 200.442979825 2899
447.500124228 186.630119095 2900
448.314434628 209.379300878 2901
448.671578562 212.440370825 2902
449.407892849 196.349917771 2903
473.327310528 226.880146057 2904
474.579343494 173.140600581 2905
474.914560298 231.071759578 2906
475.755345931 213.182851026 2907
475.760368674 210.282897091 2908
476.023917254 248.508774769 2909
476.410080952 263.826123149 2910
476.418205793 176.181690051 2911
476.424823871 183.301209538 2912
476.503151231 243.677648726 2913
476.506802267 196.405008653 2914
476.512349652 251.5012622 2915
476.518313499 220.655785061 2916
476.524742107 210.346018417 2917
476.790591691 216.922075853 2918
477.03191097 195.227429412 2919
477.42037358 190.807682162 2920
477.427659709 215.055499589 2921
477.483167773 216.212692066 2922
477.847631635 225.791198718 2923
478.003334236 222.441391255 2924
478.010058224 242.079317715 2925
478.086850758 238.450690183 2926
478.091783105 200.1938644 2927
478.100905971 253.791288198 2928
478.107779007 213.932691667 2929
478.114799123 204.924864762 2930
478.16055731 181.63070343 2931
478.412319499 183.485314588 2932
479.203063071 229.250026904 2933
479.53948526 244.109663444 2934
479.607071943 263.216697428 2935
481.465049411 202.264826544 2936
481.722008574 193.105944374 2937
483.755486285 215.873882842 2938
484.217118367 184.781986365 2939
484.541862293 242.802462973 2940
484.601190117 206.302411639 2941
484.766037895 188.83716591 2942
485.098711848 236.547936138 2943
485.452414575 198.639338697 2944
485.458937437 201.049526797 2945
487.263214411 188.930427665 2946
487.447990137 202.93836943 2947
487.542600465 218.459070252 2948
487.596937871 232.936442313 2949
487.650749455 209.051651149 2950
487.739916181 195.016834825 2951
487.816723743 213.023936661 2952
487.917526076 224.944446062 2953
488.137715121 203.527984916 2954
488.170836985 263.460458257 2955
488.21410719 226.442882488 2956
488.220436501 201.908182273 2957
488.389477519 220.107131454 2958
488.433332054 201.72050461 2959
488.437735314 204.22864339 2960
488.461518682 241.813972402 2961
488.471127889 195.447612801 2962
488.505337495 217.518836801 2963
488.526659829 189.693221785 2964
488.531263532 222.753376633 2965
488.536112415 246.095618761 2966
488.540057672 254.512624243 2967
488.544972845 198.426113185 2968
488.55029305 229.182646994 2969
488.583050291 237.127748777 2970
488.614039655 192.484840026 2971
488.627341692 187.489237379 2972
488.788615555 235.430068017 2973
488.828328423 237.072431154 2974
489.188736925 265.880825743 2975
489.195116839 213.901605737 2976
489.202231626 230.23511542 2977
489.209334463 236.752359694 2978
489.267106819 210.267374697 2979
491.595711318 206.685466034 2980
491.601268971 199.378819271 2981
492.316294937 197.289140755 2982
492.323391854 219.734435873 2983
492.466181696 262.747025023 2984
492.968608526 229.093991444 2985
493.093441138 216.397816694 2986
495.600366124 249.253356268 2987
497.08209722 202.355583725 2988
497.357734856 257.821686453 2989
497.773979036 215.869405549 2990
498.09470526 264.367826494 2991
498.099961964 223.90825034 2992
498.171681942 226.884659003 2993
498.179576589 222.685762376 2994
498.229042846 204.203915154 2995
498.34434467 253.800518372 2996
498.591711222 263.362154904 2997
498.635323208 246.27848373 2998
498.942148732 198.304822179 2999
499.325624023 213.714351013 3000
