13.280814255 0
24.075786685 0.1
34.940370714 50.6
45.775239564 0.2
56.705998679 0.1
67.370699128 0
78.35280549 0.1
89.311302089 0
99.898093721 0
111.119402824 0
122.171871304 0.1
133.065803604 0.1
143.931815515 11.17
154.972282096 0
166.252475007 0
177.131368033 0
187.836975094 0.1
198.835866086 0.1
209.893138869 0.1
220.665706206 0
231.536313681 0.1
243.005765758 11.16
254.305367335 0.1
264.98771027 0.1
276.160534135 11.06
287.056599446 0.1
297.967616132 0.1
309.779103497 0
320.759639455 0
331.267350303 0
342.186101746 10.76
352.599135522 0.1
363.534759087 0.1
374.326852828 43.98
385.1504506 0
395.975003789 0
406.820581618 0.1
417.433833605 10.55
428.152105918 10.86
438.661333177 0.1
449.483852776 0
460.054763701 0
471.023888701 0.1
481.66371363 0
492.511663402 0
503.198104635 0.1
513.977759178 0
524.481619772 0.1
535.231722111 0
545.811512414 0.1
556.433645243 0.1
567.58826085 0.1
578.080948959 47.27
589.2698712 0
599.863701326 0.1
611.733631273 0
622.539548066 0.1
633.331822977 9.54
644.141249268 0
654.774483778 0.1
665.465808365 0
676.224742095 0
686.894093562 0
697.546585793 0
708.394652005 0.2
719.189837121 0
729.876808985 0.1
740.684911911 0
751.510626348 0
762.293915748 0.1
773.108263247 0
784.065911211 0.1
794.79954414 0
805.507966297 0.1
816.974059368 0.1
827.77194046 0
838.530055499 0
849.28199317 0
860.190015414 0
870.787892509 0.2
881.712423514 54.27
892.571863885 0.1
903.398048724 0
914.432484938 0
925.14224424 0.1
935.963572398 9.42
946.620771803 0.1
957.431846628 0.1
968.349228285 9.61
978.889337455 0.1
989.664458671 0.1
1000.539768722 0
1011.635230671 0.1
1023.095491778 0
1034.294581001 0
1045.772037976 0.1
1056.370877286 0
1067.200798982 0.1
1078.079450094 0.1
1090.577508754 9.61
1101.692761508 9.6
1112.682099547 9.8
1123.697462185 0.1
1135.060989333 0
1147.184907381 0.1
1158.81839733 0
1169.656746513 0.1
1180.41412324 0.1
1191.491284849 0
1202.482773895 0
1213.443016442 0.1
1224.571389725 0
1235.959908636 0.1
1248.921365273 0.1
1260.207996788 9.31
1271.370091216 0.1
1282.572043722 9.79
1293.278470491 0.1
1304.233384023 0.1
1315.65760531 10.48
1328.369748372 0
1339.673708999 0
1350.881921009 0.1
1361.402980324 0.1
1372.191785805 9.5
1383.191391252 0
1393.743506564 9.49
1404.595756396 9.88
1415.312404218 0.1
1425.959146191 0.1
1436.881455937 0.1
1447.783081458 0
1459.319602703 0
1470.756654877 0.1
1482.740903763 0.1
1494.118845841 0
1504.74739984 0.1
1515.713976752 0
1526.316961127 0.1
1537.130056333 0
1547.924323305 0
1558.846569837 0.1
1569.592341406 0.1
1580.375359749 0.1
1591.284420222 0
1602.695332086 0
1614.202952769 0
1625.020850782 0
1639.271074779 0.1
1650.272212666 0
1661.109969797 0.1
1671.699304799 0
1682.517700212 0
1693.236444684 0.1
1704.136067153 0
1714.76739964 9.58
1725.751864282 0.1
1736.377767024 0
1747.214081815 0.1
1757.961902709 0
1768.985569031 9.86
1779.703322714 0
1791.112402965 66.83
1802.376420508 0.2
1813.601271804 0
1824.257928737 10.75
1836.096534476 0
1849.988797998 9.55
1860.847084409 0.1
1871.783269781 0.1
1882.817483497 0
1894.218806508 9.75
1904.838495819 0
1915.935503509 0
1926.71776323 0.1
1937.459863039 0.1
1948.614898891 0.1
1959.239062876 0
1970.14152954 0
1980.933496088 0.1
1991.73437392 9.66
2002.579304519 0.2
2013.337571859 0
2026.416760971 0
2041.321917134 0
2053.310035317 0
2065.641178388 0.2
2076.511036305 6.78
2087.708987984 0
2098.940619016 0
2110.566362203 0.1
2121.362287171 0
2132.236759419 0.1
2142.966804883 3.15
2153.836401959 0.1
2164.664741419 0.1
2175.459190329 0
2186.324299732 3.15
2197.195225724 0
2207.991919267 0.1
2218.872864177 0.1
2229.679221896 0.1
2240.538500994 2.75
2251.383873749 0
2262.239504135 0.1
2273.042043562 0
2283.843160259 0
2294.804371217 0.2
2309.239965274 0.1
2320.751536555 6.79
2332.281773224 28.32
2344.113190842 0.1
2355.307060328 0
2367.622392267 0.1
2379.849109113 2.76
2391.291628899 0.1
2402.164049062 0
2413.061622276 0
2423.945149737 0.1
2434.81848763 0.1
2445.70707343 0.1
2456.617390163 0
2467.485063622 0.1
2478.392911798 0.1
2489.285858955 2.75
2500.193760454 2.75
2511.095156387 0.1
2521.955256576 0.1
2532.849129553 0.1
2543.764258649 0
2554.651088371 0
2565.533625399 0
2576.4503251 0.1
2587.311491986 0.2
2598.382984014 0.1
2609.330621452 0
2620.210309406 0
2630.857154054 0.1
2641.687447027 0
2652.554633916 0.1
2663.394590972 0.1
2674.22708904 0
2685.079133637 0
2695.990884383 0
2706.940487337 0.1
2717.836287424 2.85
2728.521483304 0.1
2739.410790707 0
2750.295559492 2.46
2761.170925245 2.75
2772.02865174 0
2782.988166641 0.1
2793.821062869 0.1
2804.764480575 0
2815.609182673 0.1
2826.529383785 0.1
2837.404854923 2.55
2848.301894037 0.1
2859.165561572 0
2870.066417118 0.1
2881.029008968 0
2891.91805422 0
2902.978699116 0.1
2913.862890178 0.1
2924.76765346 0
2935.401195932 0
2946.063720849 2.46
2956.937162735 0.1
2967.772063518 0.1
2978.647502354 0
2989.513971817 0
3000.315426143 0
3011.179443454 0
3022.042640999 0.1
3032.915482786 0.1
3043.783412246 0.1
3054.653542728 8.25
3065.518166128 0
3076.381681289 0
3087.272286732 0.1
3098.180795791 2.75
3109.097313575 0.1
3119.963388021 2.46
3130.918738887 0
3141.812512306 2.56
3152.706773519 0.1
3163.569302246 0
3174.439646472 0.1
3185.335514891 0
3196.230362476 0
3207.09799344 0.1
3218.489798944 0.1
3229.403487882 2.75
3240.259331144 0
3251.173593056 2.65
3262.014225794 0.1
3272.686173568 0
3283.554886673 0
3294.211450447 0
3305.058281237 0
3315.946173194 0.1
3326.827330204 0.1
3337.732802058 0
3348.610204002 0
3359.529307507 0
3370.379175797 0.1
3381.272484659 0.1
3392.129072026 2.85
3403.032180097 2.56
3413.905542089 0.1
3424.805405086 0.1
3435.641266491 0
3446.531431269 2.65
3457.415001622 0
3468.344297743 0.1
3480.08326899 0
3491.04588561 0
3502.033153787 0
3512.78573786 0.1
3523.693426395 0
3534.549907781 0.1
3545.164611405 2.65
3555.827122837 0.1
3566.679368757 0.1
3577.512213584 0.1
3588.393571565 2.75
3599.24798431 2.75
3610.082106749 0.1
3620.941117027 0
3631.802790472 0.1
3642.700635161 0
3653.559385562 0
3664.387351891 2.56
3675.233485772 0.1
3686.101083493 0.1
3696.969386347 0
3707.830789561 0
3718.689104312 2.65
3729.566079191 2.75
3740.406191758 0.1
3751.265192393 0.1
3762.140144832 0
3772.990478913 0
3783.863694374 2.65
3794.744257941 2.46
3805.562141202 2.65
3816.405506925 0.1
3827.258696078 0.1
3838.459838526 0
3849.097319842 0.1
3859.956250952 0.1
3870.84377863 2.65
3881.512339602 2.55
3892.362307184 0.1
3903.198364787 0.1
3914.028011247 0.1
3924.900494539 0.1
3935.752604085 0
3946.605098298 8.96
3957.496242256 0.1
3968.378969637 2.55
3979.2236167 0.1
3990.063272452 2.75
4000.913114212 2.65
4011.792203449 0
4022.663567247 0
4033.576947235 0
4044.460638807 0.1
4055.361509226 0.1
4066.320513633 8.55
4077.207094416 0.1
4088.06845677 0
4098.970429691 0.1
4109.847674661 2.85
4120.76118578 0.1
4131.63535913 0.1
4142.574512558 2.85
4153.483145694 0
4164.877884627 0.1
4176.11270959 0.1
4187.031388264 8.14
4197.938800647 0
4208.837303569 0
4219.750600328 0.1
4230.617928748 0
4241.583496476 0
4252.48130821 2.85
4263.353215004 0
4274.21076695 0.1
4285.128104671 0.1
4296.031096004 0.1
4306.905144644 0
4317.825338954 0.1
4328.692147017 0
4339.558633152 0.1
4350.444195825 2.65
4361.326477247 0
4372.18543605 0.1
4383.075156207 2.65
4393.938598053 0
4404.817513138 0.1
4415.693642306 0.1
4426.564707089 0.1
4437.4477934 0
4448.808789265 2.65
4459.563634498 0.1
4470.421317312 2.65
4481.306653666 0.1
4492.236467702 0.2
4503.089271767 2.75
4513.995407568 2.65
4524.921404111 0.1
4535.807033316 0
4546.529617184 0.1
4557.383413784 0
4568.229421327 0.1
4579.128752303 0.1
4589.988156615 0
4600.872076483 0
4611.766349226 0.1
4622.627975197 2.76
4633.54332999 0.1
4644.402500111 0
4655.260075114 0
4666.11735342 0.1
4677.053802893 2.65
4688.070460414 0.1
4698.862673494 0.1
4709.770177605 0
4720.639587897 0
4731.578557645 2.85
4742.792919059 0.1
4754.103480977 0.1
4764.993035145 0
4775.949031963 0
4786.850800426 0
4797.765165256 0
4808.632287477 0
4819.535032224 0.1
4830.405344551 0
4841.281550722 0
4852.19058617 2.65
4863.059498369 0
4873.897371693 0.1
4884.771328353 0.1
4895.655578402 0.1
4906.537841975 0
4917.407232555 0
4928.324032351 0.1
4939.218709165 2.75
4950.055069109 0
4960.913229815 0
4971.817806305 0.1
4982.713712436 0.1
4993.631352932 2.65
5004.578465851 0
5016.156073977 0
5026.955183172 0
5037.847796467 0.1
5048.742901858 0.1
5059.657607908 0.1
5070.528447117 2.56
5081.418153302 0
5092.296779292 0.1
5103.194537026 0
5114.090955187 0
5124.964422677 2.55
5135.853838681 0.1
5146.753777313 0.1
5157.67705077 0
5168.573554909 0
5179.448015536 0.1
5190.332947705 0
5201.212507795 0.1
5212.136524727 0.1
5222.997151428 2.46
5233.918586277 0.1
5244.791030008 0
5255.707506383 0
5266.588897132 0.1
5277.490960847 2.75
5288.793571504 9.41
5299.851546411 0
5310.741751039 0.1
5321.673467608 0
5332.61437758 0.2
5343.489738913 0
5354.385550875 0.1
5365.301518432 0
5376.030234287 2.75
5386.904697046 0.1
5397.810525383 0.1
5408.710166251 0
5419.591238506 0.1
5430.481818293 2.75
5441.481932807 0
5452.384847858 0
5463.26239146 0.1
5474.176559859 0.1
5485.074417298 2.85
5495.965786812 0
5506.8676423 0
5517.786914201 0
5528.684775588 0.1
5539.579237634 2.56
5550.432188059 0.1
5561.357437648 0
5572.498178569 0
5583.388844367 0
5594.291434884 0.1
5605.132974704 0.2
5616.054128156 2.65
5626.730751433 2.75
5637.596948707 2.85
5648.471701133 0.2
5659.291386838 0.1
5670.152640457 0
5681.012714175 0.1
5691.87239415 0
5702.733656582 0.1
5713.546403393 0
5724.414395576 2.85
5735.25854441 0.1
5746.068806487 0.1
5756.940649827 2.65
5767.590551033 0
5778.417615694 0.1
5789.255714377 0.1
5800.11849379 0.1
5810.96273983 0.1
5821.812768277 0
5832.680372521 0
5843.558559694 0
5854.465486697 0.1
5865.322300177 0.1
5876.249186853 2.75
5887.167653262 0
5898.03312844 0.1
5909.390923397 0.1
5920.266368267 2.56
5930.928696382 0
5941.840639032 0.1
5952.516904059 2.55
5963.325673986 0
5974.327319267 0.1
5985.072397028 0
5995.741856057 0.1
6006.638891346 0.1
6017.562686388 20.45
6028.509262861 0.1
6039.327430204 0
6050.137086737 0.1
6060.878625502 0.1
6071.741801699 21.21
6083.511353447 0.1
6093.995623554 0.1
6104.621389076 0
6115.251138087 0
6125.866288125 0.1
6136.413961466 0
6146.980467882 0.1
6157.53932688 0.1
6168.110510009 2.3
6178.669416909 0
6189.20060822 0
6199.726224562 0.1
6210.233683724 0
6220.745275976 0.1
6231.235319393 0.1
6241.765452064 0
6253.036576288 0
6263.522939012 0.1
6274.136016442 0
6284.902915155 0
6296.030117534 0.1
6306.784101964 0.1
6317.340251177 0
6327.882336565 47.85
6338.450396152 0.1
6348.964135792 0.2
6359.54295125 34.07
6371.221242055 10.56
6381.794311638 0
6392.42127795 0
6403.063943128 0
