14.659364149 15.7
25.648062143 28.9
36.802571502 19.6
47.754636437 37.8
58.704581091 21.8
69.962447294 21.3
81.741665535 20.3
92.646537332 47.6
103.75058639 25.5
114.904151169 23.5
126.345959371 24.6
137.501736757 21.5
148.546911197 36.2
159.631554274 27.2
170.743668252 22.4
182.045594392 17.8
193.100473811 35.7
203.946437384 23
214.815638685 23.6
225.555978654 38.5
236.652648712 23.7
247.541882712 28.5
258.272590965 22
269.083781789 26.5
279.916452545 26
290.562629686 25.1
301.514757443 30.9
312.415608065 24.5
323.212211909 20.5
333.993063883 11.1
344.862424796 25.5
355.942830321 31.2
366.665736125 21.9
377.158613523 27.7
387.936662918 30.3
398.690091516 27.5
409.556777204 32.4
420.31669351 28.3
431.427838292 23
442.269450321 28
452.87963947 43.7
463.4968503 46.6
474.338968472 21.4
485.096981622 13.7
495.798575514 35.3
506.648490912 33.4
517.471664358 3.5
528.235940322 49.3
538.988180117 21.4
549.919357167 24
561.038633545 53.8
571.785065718 3.7
582.556471785 47.9
593.282918622 3.4
603.983626157 56.1
614.742904054 3.5
625.50558196 66.2
636.062697363 3.6
646.685736079 23.5
659.881009424 25.3
670.710675508 3.8
681.161425747 77.3
692.039757767 3.7
702.795923013 26
713.691991429 54.7
724.200564016 3.5
735.096267921 6.7
747.509366731 63.5
758.38658379 3.8
769.217729619 15.4
779.985411457 92.71
792.102887283 3.9
802.841545191 4.1
813.455150066 55.8
824.50974135 31.3
835.265573772 4
846.133473499 4.2
857.353842279 91.3
868.227862919 25.6
878.937926295 4.2
889.47980166 4.1
900.428873387 79.5
911.709923988 45.6
922.439851587 4.2
933.235104118 4.1
944.021783374 12.4
955.224345889 95.3
966.064002308 4.2
976.883591852 4.3
987.467565712 4.1
998.159347031 9.5
1010.233555023 94.3
1021.072146855 45.2
1031.927657979 4.3
1042.34595472 4.3
1053.123175918 4.5
1063.650841127 21.7
1074.423637017 93.5
1085.228557348 59.5
1095.944851448 4.2
1106.570982188 4.5
1117.415132933 4.3
1128.247757936 5
1139.027945704 63.8
1152.906731265 89.7
1163.76542381 24.5
1174.467903896 5
1184.890462762 4.7
1195.927798847 4.6
1206.394831113 5
1217.326679557 14
1229.441357283 93.7
1241.463518925 89.5
1253.377761315 9.2
1264.498254428 4.3
1275.685286913 4.7
1286.606985531 4.5
1297.587279037 4.4
1308.229720306 5.1
1318.865731438 42.16
1333.62887788 93.1
1346.512510744 91.4
1359.020901345 5
1370.326606894 5
1381.222922896 5.1
1392.248634166 5.1
1402.921337193 5.1
1413.369121202 4.8
1424.118044138 5.1
1434.713723203 5.3
1445.566986124 68.7
1457.678115584 93.9
1468.400062122 91.3
1479.236450198 89.1
1492.77501283 7.8
1503.286209569 5
1513.871879052 5.5
1524.365909003 5.4
1535.240792515 5.4
1545.784165533 5.1
1556.517025012 5.2
1567.023242398 5.4
1577.621974433 4.9
1588.426150882 6.9
1599.093858536 92
1612.896746414 94.6
1623.518739097 95.5
1637.168537103 94.4
1647.903163262 61.4
1658.443908006 5.4
1669.190932631 5.7
1679.675002555 6.1
1690.385048074 5.3
1701.130597234 5.9
1711.585110252 5.5
1722.30121102 5.8
1733.022012517 6.3
1743.679282547 6.1
1754.177939513 5.4
1765.149656939 5.6
1776.165487094 5.6
1790.625013075 90.7
1805.282040475 91.1
1818.840838738 95.1
1830.404322978 88.9
1841.160420979 88.7
1852.280166455 50.4
1863.271811801 6.3
1873.961901383 5.1
1884.95190672 5.6
1896.330605284 6.1
1907.131219196 5.3
1917.575131593 5.8
1928.342923387 5.9
1938.87678125 5.8
1949.632384065 5.9
1960.267669279 6.2
1970.76789046 6
1981.502286828 6
1992.481634461 5.9
2002.920029637 6.2
2013.554210295 29.8
2026.091089765 89.2
2042.105145663 93.4
2053.925280533 91.2
2065.35263035 89.9
2080.279183708 93.1
2094.44911221 92.2
2105.740636109 76.4
2116.323055977 5.9
2126.857306213 6.2
2137.392179251 6
2147.958433626 6.2
2158.512936055 5.9
2169.069470525 5.7
2179.617331776 5.6
2190.169997871 5.9
2200.703248572 6.2
2211.247954934 5.8
2221.651963705 6.2
2232.247419189 5.8
2243.018773483 5.6
2253.563510304 5.6
2264.648484876 5.7
2275.973858718 5.6
2286.363618519 5.8
2297.061648125 49.2
2308.538810843 90.5
2327.615404917 95.7
2338.459923825 96.7
2349.567261089 95.5
2360.344267026 90
2372.77847671 94.1
2385.616257407 76.1
2396.211219873 6.4
2406.763203282 6.2
2417.304596666 6
2427.811190885 5.9
2438.372155512 5.8
2449.038169816 6.3
2459.606370622 6.5
2470.146284257 6.1
2480.713147921 6.5
2491.237226117 6.4
2501.767337691 6
2512.327049191 6
2522.884285563 6
2533.435224065 5.7
2543.978486587 6.1
2554.520115202 6
2565.059629358 6.3
2575.605503089 6.3
2586.151268745 6.3
2596.848286208 5.9
2607.244222967 6.09
2617.649442599 6.1
2628.237575208 5.6
2638.859072688 6
2649.519058696 5.8
2660.087311561 6
2670.915202238 6.4
2681.907249485 6.2
2692.340190647 6
2703.040419129 6
2713.677533177 6.1
2724.201560002 6.5
2734.731538567 5.8
2745.301392066 6.2
2755.840320833 6.1
2766.369172252 6.2
2776.917395158 5.9
2787.458535503 6
2798.003108031 6.2
2808.547695779 6
2819.088424878 6.7
2829.623656552 6.4
2840.196218147 6
2850.759103516 5.9
2861.349227907 5.7
2871.73875971 5.9
2882.276367486 6.2
2892.820306183 6.1
2903.377328041 6.1
2913.947282653 6.4
2924.503534759 6
2935.072466718 6.7
2945.588346636 6.7
2956.03624875 6.4
2966.423217326 6.3
2977.319958715 5.8
2987.751371596 5.9
2998.388366984 6.1
3008.939085945 6.5
3019.48380746 6.1
3030.041582763 6.5
3040.584482666 6
3051.136285227 5.7
3061.682226345 6.4
3072.212254018 5.9
3082.773461443 6.2
3093.416096278 6.4
3103.947204965 6.3
3114.498655909 6.1
3125.037340553 6.6
3135.561485578 6.2
3146.113197501 6.2
3156.673388534 6
3167.210336856 6
3177.792643599 6
3188.316164965 6.2
3198.846274397 6.2
3209.391256832 6.3
3219.925301377 6.4
3230.475753348 6.2
3241.029336955 6.1
3251.664170012 5.8
3262.389415455 6
3273.159654438 6.3
3284.164253995 6
3295.148889538 6
3306.134601737 6.2
3316.966401481 6
3328.103197779 5.9
3338.739791172 6.4
3349.202260374 6.2
3359.819740753 6.2
3370.868215317 6.2
3381.621386805 6.1
3392.56641536 6.3
3403.592809275 6
3414.410416465 6
3425.33713021 6.3
3436.677881738 5.8
3447.101535738 6
3457.686351219 6
3468.216660608 6.2
3478.763384834 6.3
3489.314444246 6.5
3499.867468323 6.1
3510.423714048 6
3520.952205241 6.2
3531.515880915 6
3542.031853662 6.1
3552.54842803 6.1
3563.080385727 6.2
3573.631319979 6.5
3584.183540696 6.2
3594.72728502 6.1
3605.264548408 6.3
3615.825361506 5.9
3626.343401881 6
3636.885574525 6.2
3647.475511149 6
3658.133391845 6.3
3669.277342936 5.8
3679.9493818 6.1
3690.523805981 6.3
3701.040862178 6.1
3711.567545452 6.5
3722.139407661 6.1
3732.670548198 6.3
3743.20299407 6.5
3753.755546749 6.1
3764.309780961 6
3774.847462261 5.9
3785.403525172 6
3795.936647281 6.2
3806.480251319 6
3817.163561011 6.7
3827.589778687 6.3
3838.141741538 6.6
3848.683585435 6.1
3859.18287975 6
3869.767348076 5.9
3880.338810549 5.9
3890.890520925 6.5
3901.411519503 6.2
3912.123034411 7
3922.58620897 6
3933.421168976 5.7
3944.403336898 6
3954.865827395 5.9
3965.565250532 6.4
3976.137688168 5.7
3986.697615199 6.2
3997.232323839 5.9
4007.779466532 6
4018.313614608 6.1
4028.841646841 6.3
4039.395116823 6.7
4049.90524724 6.2
4060.429586015 6.1
4071.072245305 6.1
4081.639653213 6.1
4092.183464479 6
4102.707560681 6.2
4113.257907371 6.4
4123.813954267 6.1
4134.231852414 6.1
4144.790802855 6.3
4155.328666662 6
4165.891400726 6.3
4176.462857556 6.3
4186.977446097 6.6
4197.529661397 6.2
4208.102634143 6.4
4218.604594074 6.3
4229.285732704 5.9
4240.058158708 6.2
4250.685436981 6.1
4261.641793869 5.9
4272.257646192 5.9
4283.008579739 6.2
4293.619350098 5.9
4304.666489828 5.9
4315.470453372 5.9
4326.185518461 5.8
4336.821248664 5.8
4347.33998779 6.2
4357.879830069 6.4
4368.426738979 6.4
4378.995913454 6.1
4389.543884765 6.3
4400.118591844 5.8
4410.66872242 6
4421.217575436 6.3
4431.756443093 5.9
4442.343481489 5.9
4452.887699109 6.5
4463.405926455 6.2
4473.942583546 6.5
4484.344024047 6.4
4494.889514441 6.5
4505.44766226 6.3
4516.005776681 6.1
4526.536846809 6.3
4537.070661651 6.3
4547.62762563 6.2
4558.180663747 5.9
4568.604779345 6.5
4579.129538486 5.9
4589.69102335 6.2
4600.385725501 6
4610.957531901 6.3
4621.865732087 5.8
4632.450544932 6.3
4643.082879781 6.5
4653.829990937 6.3
4664.755532495 5.8
4675.7385068 6
4686.703374641 6
4697.772499659 6
4708.716723756 5.8
4719.675191948 6.1
4730.128577508 6
4740.905855008 6.4
4751.440622195 6.1
4761.973976795 5.9
4772.562500786 6.3
4783.081817148 6.5
4793.8095066 6.1
4804.232728589 6.1
4814.756021563 6.4
4825.32303181 6.4
4835.867941405 6.3
4846.401672793 6.3
4856.944601587 6
4867.522779901 6.4
4878.042700749 6
4888.571485748 6.2
4899.116814611 6.2
4909.651777825 6.3
4920.193614559 6.6
4930.753576282 6.4
4941.276744061 6.2
4951.953394564 6.1
4962.365721591 6.3
4972.922652522 5.9
4983.499588184 6
4994.054567084 6.1
5004.598764332 6.3
5015.169777397 6.5
5025.91758605 6.3
5036.710317342 5.7
5047.876540578 6.4
5058.797155749 5.59
5069.833381489 6.3
5080.696442976 5.8
5091.657340497 6.1
5102.423591324 6.2
5113.101632174 5.7
5123.872793301 6
5134.683650145 6.2
5145.607517101 5.8
5156.570549794 6.2
5167.476679249 6
5178.310695097 6.2
5189.496595053 5.8
5200.570602642 6.3
5211.113022612 6
5221.832645539 5.8
5232.397895612 6.3
5242.957796609 6.3
5253.501710625 6.1
5264.012744245 6.2
5274.583545896 6.1
5285.125353832 6.4
5295.668670923 6.3
5306.214384841 6.1
5316.745002359 6.1
5327.289670949 6.2
5337.824796003 6.2
5348.36171599 6.5
5358.894516027 6.2
5369.52045208 6.4
5380.06268997 6.1
5390.591690484 6
5401.110900174 6.3
5411.664930333 6.4
5422.211646817 5.9
5432.774274865 6.5
5443.307353944 6.1
5453.855735915 6.3
5464.389523252 6.4
5474.925121896 6.5
5485.799494953 6
5496.578261352 5.9
5507.374285604 6
5518.505812978 6.1
5529.598576421 6.3
5540.423394626 6
5551.447809564 6.1
5562.381397104 6.1
5573.334357147 5.9
5584.114690489 6.1
5595.088630773 6.1
5605.851065145 6.1
5616.814430291 6.1
5627.420097452 6
5637.982437382 6.2
5648.698455393 6.3
5659.302646063 6.2
5670.416570178 6
5681.381553262 6.1
5692.362046347 6.2
5703.264684441 6.5
5714.1065174 6.2
5725.191407439 6.3
5735.977769285 6
5747.144107572 6.2
5758.142193918 6.2
5769.12108928 6
5780.115756226 6.2
5791.02376402 5.8
5802.105207403 6.3
5812.569828924 6.2
5823.161934185 6.2
5833.736888098 6.3
5844.277905369 6.2
5854.990799559 5.7
5865.424636799 5.9
5875.982879349 5.7
5886.542901941 6.3
5897.054812314 6.6
5907.575485366 6.2
5918.098937325 6.5
5928.680846726 6.4
5939.232564871 6.6
5949.785809152 6.3
5960.336958506 6.1
5970.890594262 6
5981.460809871 5.9
5992.010663287 5.9
6002.538430095 6.2
6013.571715259 44.3
6024.344324462 47.1
6035.565548122 51.1
6045.972026056 53.5
6056.650088705 47.4
6067.285474338 49.1
6078.190241016 46.1
6089.084309454 41.7
6101.392207387 41.9
6112.496621352 14.7
6123.038374495 5.9
6133.610305914 6.5
6144.191024314 6.4
6154.723229413 6.4
6165.306025868 6.2
6175.834529212 6.3
6186.227711672 6.5
6196.76944326 6.4
6207.315620473 6.4
6217.886988376 6.4
6228.412599044 6
6238.958234558 6.3
6249.59221486 74.4
6260.308681141 75.9
6270.896380033 82.4
6281.341161389 58.7
6292.067161043 43.1
6302.677791975 35.9
6313.233406976 49.8
6324.135216043 54.3
6335.848396353 42.3
6347.174319795 58
6358.269560144 38.7
6369.309230989 40.6
6379.944829327 46.8
6391.008331421 68.6
6401.695933871 89.9
