91.001671435 499 91.911399444 1
91.001712816 498 91.919268537 2
91.000951697 497 91.920570557 3
91.001281093 496 91.928400658 4
91.001554867 495 91.930548 5
91.001569308 494 91.936312297 6
91.001156315 493 91.942369122 7
91.001681246 492 91.943058406 8
91.00223301 491 91.945727768 9
91.00099049 490 91.947379043 10
91.001308816 489 91.947972658 11
91.002120555 488 91.949130858 12
91.001862117 487 91.953317651 13
91.002184331 486 91.956363794 14
91.001843314 485 91.960643228 15
91.000632713 484 91.961831592 16
91.001624612 483 91.967804349 17
91.002223392 482 91.969716545 18
91.000772565 481 91.972573351 19
91.001694209 480 91.973090425 20
91.0023011 479 91.974448069 21
91.001266432 478 91.978434943 22
91.001119717 477 91.981096815 23
91.001225781 476 91.983424063 24
91.00186305 475 91.983665515 25
91.001041677 474 91.983890902 26
91.002500035 473 91.98396191 27
91.001134568 472 91.987352871 28
91.001168003 471 91.988592096 29
91.001206661 470 91.990749913 30
91.001314871 469 91.991319329 31
91.000911164 468 91.991882097 32
91.001643604 467 91.993178943 33
91.00112736 466 92.001191702 34
91.00102231 465 92.003671022 35
91.001385345 464 92.012084303 36
91.000787017 463 92.012227456 37
91.001301904 462 92.015894127 38
91.001583209 461 92.016262839 39
91.001376652 460 92.01934741 40
91.001771791 459 92.019604125 41
91.001624493 458 92.023547421 42
91.00116865 457 92.023755974 43
91.001773936 456 92.025250656 44
91.001199859 455 92.027812322 45
91.002051527 454 92.027899236 46
91.001734492 453 92.02837902 47
91.001038554 452 92.029780076 48
91.001573275 451 92.032267741 49
91.001018187 450 92.036381041 50
91.00105457 449 92.042169699 51
91.000989799 448 92.042927166 52
91.00178346 447 92.048821823 53
91.002190972 446 92.049038854 54
91.001420805 445 92.049267068 55
91.001059105 444 92.05093221 56
91.001269262 443 92.054851847 57
91.001643969 442 92.056279873 58
91.001032797 441 92.05637676 59
91.001241009 440 92.056466749 60
91.002130763 439 92.05906137 61
91.000766644 438 92.063638432 62
91.00140824 437 92.066454072 63
91.00165639 436 92.069389453 64
91.001852153 435 92.070735655 65
91.001253286 434 92.071276106 66
91.000505644 433 92.07333469 67
91.000959514 432 92.073493271 68
91.001775264 431 92.076876211 69
91.001759568 430 92.079631395 70
91.00064614 429 92.079801037 71
91.001785599 428 92.080017196 72
91.001908018 427 92.08628822 73
91.001663562 426 92.087905214 74
91.00129585 425 92.09873869 75
91.001225941 424 92.098832648 76
91.001398399 423 92.100409585 77
91.001915784 422 92.100807603 78
91.00190923 421 92.10835504 79
91.002027517 420 92.109388727 80
91.00184599 419 92.109747833 81
91.000433793 418 92.111562613 82
91.001603945 417 92.112237908 83
91.001853983 416 92.116789521 84
91.001654565 415 92.117902395 85
91.000777113 414 92.118700809 86
91.001684552 413 92.125189041 87
91.001800987 412 92.125476283 88
91.001009574 411 92.129659404 89
91.000548999 410 92.130523915 90
91.002016614 409 92.130945108 91
91.002344346 408 92.134469237 92
91.001668065 407 92.136897421 93
91.00132222 406 92.137375477 94
91.001053266 405 92.137538171 95
91.00098044 404 92.142959455 96
91.001231985 403 92.143862325 97
91.00110761 402 92.145308011 98
91.001009824 401 92.146564409 99
91.001057773 400 92.151160545 100
91.000807791 399 92.151305298 101
91.001776306 398 92.156330044 102
91.001305239 397 92.160409729 103
91.002198763 396 92.16122619 104
91.002339204 395 92.163773182 105
91.001875784 394 92.166483714 106
91.002137905 393 92.17010482 107
91.000427249 392 92.17119419 108
91.001177403 391 92.171772436 109
91.001566271 390 92.172456824 110
91.000639875 389 92.172475033 111
91.00105362 388 92.175765105 112
91.002118233 387 92.177765587 113
91.001922472 386 92.179992454 114
91.001764184 385 92.182179325 115
91.001613528 384 92.187341894 116
91.001216026 383 92.187496697 117
91.000775929 382 92.189508644 118
91.001620793 381 92.194477167 119
91.001712163 380 92.199686963 120
91.002481396 379 92.200381663 121
91.001588442 378 92.201916023 122
91.001289197 377 92.202431312 123
91.001653349 376 92.206236523 124
91.001422224 375 92.210255243 125
91.001002748 374 92.210814747 126
91.001709497 373 92.212431492 127
91.000920121 372 92.214884201 128
91.001043186 371 92.2182844 129
91.00159593 370 92.218653482 130
91.001258357 369 92.219112186 131
91.001122106 368 92.221337425 132
91.001428041 367 92.221457639 133
91.000946995 366 92.225215901 134
91.002335051 365 92.226995797 135
91.001747545 364 92.227776078 136
91.001668685 363 92.227971025 137
91.001281879 362 92.228193786 138
91.001312516 361 92.232773971 139
91.002057587 360 92.234201849 140
91.0011837 359 92.235526414 141
91.001171042 358 92.240421981 142
91.001701789 357 92.244664785 143
91.001244708 356 92.247148417 144
91.001691999 355 92.252072072 145
91.001695183 354 92.253214655 146
91.000999171 353 92.253626357 147
91.002005871 352 92.253999518 148
91.001621908 351 92.258442627 149
91.001031754 350 92.262318298 150
91.001587791 349 92.26241318 151
91.002213637 348 92.263300069 152
91.001576289 347 92.263389803 153
91.002171509 346 92.264019603 154
91.002252812 345 92.269865763 155
91.001159143 344 92.270220531 156
91.002272012 343 92.273438688 157
91.001150301 342 92.280281805 158
91.001020039 341 92.281465233 159
91.001608074 340 92.288378891 160
91.00234994 339 92.288658448 161
91.001597161 338 92.288674083 162
91.001150448 337 92.291798052 163
91.001613892 336 92.293421321 164
91.001631056 335 92.29348977 165
91.000936136 334 92.295258722 166
91.001134404 333 92.297370418 167
91.001246977 332 92.298472957 168
91.001725634 331 92.301406607 169
91.001296145 330 92.304841961 170
91.000905734 329 92.311612797 171
91.00123942 328 92.312188341 172
91.001734081 327 92.315449094 173
91.001615826 326 92.315952418 174
91.001700758 325 92.319643839 175
91.000910634 324 92.324208124 176
91.002516273 323 92.326020026 177
91.001289994 322 92.327164935 178
91.002259086 321 92.332023267 179
91.001616678 320 92.335334955 180
91.001574938 319 92.338345751 181
91.001190647 318 92.339731937 182
91.000721372 317 92.341341072 183
91.001061567 316 92.343713877 184
91.001690886 315 92.345415944 185
91.00186765 314 92.346110183 186
91.001680244 313 92.346209277 187
91.00164912 312 92.350687468 188
91.001644906 311 92.351174233 189
91.001589218 310 92.351662189 190
91.001765609 309 92.355966435 191
91.0013444 308 92.357924331 192
91.001012411 307 92.362930108 193
91.001275471 306 92.372671016 194
91.00199718 305 92.374470228 195
91.001581848 304 92.374918824 196
91.001055225 303 92.380002086 197
91.001033795 302 92.38161847800001 198
91.001558515 301 92.382571535 199
91.001610047 300 92.383744284 200
91.00056462 299 92.387357045 201
91.003032465 298 92.391756707 202
91.001547673 297 92.392104349 203
91.001047379 296 92.397303092 204
91.00256047 295 92.397842295 205
91.001748883 294 92.398628382 206
91.00306665 293 92.399986136 207
91.001657991 292 92.40143248 208
91.001935919 291 92.403270147 209
91.002196133 290 92.403345304 210
91.001755262 289 92.40638093 211
91.001675569 288 92.40920418 212
91.001274296 287 92.409548742 213
91.00174584 286 92.415193956 214
91.001738386 285 92.415545588 215
91.002742682 284 92.416000758 216
91.001180206 283 92.421922432 217
91.001872548 282 92.422902515 218
91.001743845 281 92.424165044 219
91.002957077 280 92.425965968 220
91.00136993 279 92.427282438 221
91.000897531 278 92.429883084 222
91.001188644 277 92.433072076 223
91.001604338 276 92.436659908 224
91.002257594 275 92.438173927 225
91.002280713 274 92.444349913 226
91.001284364 273 92.447782888 227
91.002043114 272 92.449156908 228
91.00176344 271 92.449704039 229
91.001436749 270 92.450424987 230
91.001814319 269 92.452337505 231
91.00160741 268 92.461567815 232
91.002963066 267 92.461649508 233
91.001774424 266 92.462098764 234
91.00156882 265 92.462241035 235
91.001001343 264 92.464186347 236
91.00271114 263 92.468804374 237
91.000638787 262 92.468813258 238
91.000929179 261 92.471347187 239
91.001763182 260 92.475294733 240
91.001274709 259 92.482621733 241
91.002899397 258 92.485278186 242
91.002264839 257 92.489903818 243
91.001045021 256 92.493455179 244
91.002548272 255 92.494315528 245
91.001860634 254 92.498084978 246
91.001287072 253 92.498820539 247
91.001260107 252 92.504582407 248
91.002034325 251 92.506722243 249
91.002893349 250 92.510887662 250
91.0027324 249 92.516402401 251
91.001595031 248 92.524109326 252
91.003169915 247 92.534509594 253
91.002421193 246 92.535125703 254
91.00207896 245 92.536419787 255
91.002898508 244 92.538228009 256
91.002725516 243 92.54248749 257
91.002719367 242 92.544423874 258
91.001219074 241 92.546890979 259
91.002593914 240 92.548775943 260
91.002620609 239 92.562239854 261
91.002620087 238 92.562431486 262
91.00322531 237 92.567061837 263
91.00279392 236 92.569029121 264
91.002699112 235 92.572156111 265
91.002669932 234 92.574711702 266
91.003246876 233 92.581197957 267
91.003206153 232 92.584470789 268
91.002847306 231 92.587878209 269
91.002612635 230 92.588272583 270
91.002621441 229 92.591602834 271
91.002651917 228 92.596809217 272
91.003216437 227 92.603511713 273
91.003008589 226 92.611711452 274
91.002974508 225 92.614973507 275
91.003164051 224 92.615782637 276
91.002955745 223 92.61962035 277
91.002825712 222 92.623774002 278
91.002521024 221 92.625340813 279
91.002655521 220 92.625390873 280
91.003770366 219 92.629693846 281
91.002905336 218 92.635413708 282
91.002646071 217 92.638304111 283
91.003484232 216 92.638837983 284
91.003213369 215 92.640432124 285
91.002472154 214 92.640549835 286
91.002598553 213 92.644427795 287
91.002428288 212 92.650130817 288
91.003275394 211 92.650417106 289
91.002925534 210 92.651502941 290
91.002877851 209 92.651893174 291
91.003041315 208 92.654096553 292
91.002841064 207 92.658250618 293
91.003817586 206 92.659162463 294
91.002636215 205 92.660616988 295
91.002323796 204 92.665488075 296
91.002907178 203 92.672494384 297
91.002865409 202 92.672731764 298
91.003144294 201 92.673217982 299
91.002658715 200 92.678974361 300
91.002752689 199 92.67931922 301
91.002599926 198 92.679677579 302
91.002904825 197 92.681718898 303
91.002627107 196 92.683877815 304
91.003634211 195 92.684963535 305
91.003463635 194 92.685008318 306
91.003409445 193 92.686693241 307
91.002403418 192 92.68788124 308
91.00315686 191 92.690485848 309
91.002916763 190 92.691950264 310
91.002433728 189 92.692185342 311
91.003051361 188 92.697443519 312
91.002912533 187 92.706603922 313
91.003344018 186 92.708577849 314
91.003568541 185 92.712671378 315
91.002967069 184 92.715760968 316
91.002911092 183 92.716837468 317
91.003260011 182 92.720967052 318
91.002887602 181 92.721073178 319
91.003835009 180 92.722630758 320
91.002879404 179 92.730800215 321
91.002571968 178 92.732056143 322
91.002508881 177 92.734423902 323
91.002851312 176 92.734529355 324
91.003159153 175 92.739534908 325
91.002604091 174 92.740423466 326
91.003146902 173 92.74060826 327
91.002411021 172 92.74116966 328
91.002611349 171 92.744028694 329
91.003254791 170 92.746625377 330
91.003061441 169 92.748789237 331
91.002451375 168 92.75072229 332
91.003616305 167 92.762358116 333
91.002445506 166 92.763387205 334
91.002970486 165 92.763967633 335
91.002807639 164 92.768643605 336
91.002834963 163 92.770082187 337
91.003044926 162 92.773511246 338
91.002911576 161 92.774146097 339
91.002886383 160 92.77432401 340
91.003495744 159 92.780794367 341
91.003229662 158 92.780843262 342
91.002887003 157 92.781446669 343
91.002898166 156 92.782874182 344
91.002568311 155 92.784110279 345
91.002634391 154 92.78692321 346
91.002291076 153 92.791596663 347
91.002804511 152 92.800913055 348
91.002934046 151 92.804165908 349
91.003181108 150 92.810247358 350
91.002498793 149 92.81491794 351
91.003603545 148 92.816419787 352
91.002871306 147 92.81815855 353
91.003841335 146 92.819913267 354
91.002645642 145 92.820629443 355
91.00285761 144 92.822240095 356
91.002880319 143 92.822743546 357
91.00268698 142 92.826698405 358
91.003232245 141 92.82683061 359
91.003056056 140 92.829426541 360
91.002852705 139 92.834908488 361
91.003244742 138 92.842823149 362
91.003235188 137 92.845535761 363
91.002818056 136 92.845639847 364
91.002965116 135 92.848670714 365
91.003031303 134 92.849449234 366
91.003271222 133 92.849541562 367
91.003791177 132 92.851872214 368
91.002946605 131 92.854019389 369
91.00285635 130 92.855604412 370
91.002626595 129 92.860816162 371
91.002641948 128 92.862177742 372
91.002510246 127 92.863779739 373
91.002632504 126 92.867646657 374
91.002554334 125 92.869068628 375
91.002671086 124 92.871733016 376
91.003273044 123 92.87451586 377
91.002864245 122 92.879044017 378
91.003203997 121 92.880478745 379
91.003047294 120 92.882082034 380
91.003388588 119 92.882182379 381
91.002893709 118 92.887370469 382
91.003356405 117 92.890442583 383
91.002440265 116 92.892482185 384
91.002542937 115 92.897523039 385
91.00267706 114 92.898828378 386
91.003769697 113 92.903106694 387
91.003189488 112 92.904721439 388
91.003264131 111 92.90748801 389
91.002630969 110 92.917397232 390
91.002702779 109 92.921934478 391
91.003052784 108 92.924216901 392
91.003038954 107 92.924327683 393
91.00287997 106 92.92440895 394
91.002878444 105 92.928407896 395
91.003276124 104 92.932420191 396
91.00327211 103 92.93314757 397
91.002802306 102 92.938182352 398
91.003215098 101 92.946213122 399
91.00322962 100 92.948603454 400
91.00266245 99 92.955374963 401
91.002664406 98 92.960483206 402
91.003282628 97 92.961906326 403
91.00322254 96 92.967762468 404
91.003076731 95 92.972040802 405
91.002811523 94 92.974570555 406
91.003150042 93 92.985122926 407
91.002957537 92 92.989988097 408
91.003374167 91 92.990913392 409
91.003267069 90 92.991557621 410
91.003155565 89 92.997203971 411
91.003697936 88 93.001011142 412
91.003226328 87 93.004341757 413
91.002830798 86 93.007736926 414
91.00269663 85 93.014080523 415
91.002577589 84 93.023319145 416
91.002932188 83 93.028766684 417
91.003316852 82 93.029855172 418
91.00383839 81 93.031192244 419
91.003078909 80 93.038766967 420
91.002852867 79 93.043093368 421
91.003205902 78 93.050551302 422
91.001798561 77 93.053335143 423
91.003278432 76 93.062366934 424
91.00328974 75 93.069289242 425
91.002661386 74 93.073618116 426
91.003254858 73 93.084589697 427
91.003807417 72 93.091878823 428
91.003872591 71 93.11556781 429
91.002652724 70 93.126416419 430
91.002980509 69 93.132488771 431
91.003335258 68 93.156204644 432
91.002961614 67 93.16493273 433
91.003262014 66 93.408452265 434
91.003869113 65 93.555393383 435
91.003799422 64 93.561756938 436
91.003821201 63 93.606348863 437
91.003858278 62 93.61234999 438
91.003951817 61 93.618856603 439
91.003822319 60 93.65947454 440
91.003938016 59 93.660586144 441
91.003975338 58 93.689503489 442
91.003593575 57 93.696724869 443
91.003805061 56 93.704803594 444
91.004041439 55 93.721826993 445
91.003913892 54 93.728770723 446
91.003967758 53 93.731147453 447
91.00355579 52 93.74811833 448
91.003289317 51 93.757540569 449
91.003833531 50 93.777813727 450
91.003248593 49 93.785454033 451
91.003823722 48 93.802213078 452
91.003237492 47 93.81268809 453
91.004025172 46 93.82996578 454
91.003982366 45 93.835793569 455
91.003804182 44 93.854337481 456
91.003285997 43 93.855836278 457
91.003784769 42 93.862585718 458
91.003261705 41 93.880832959 459
91.003900102 40 93.88853821000001 460
91.003760428 39 93.894820465 461
91.003272792 38 93.9174998 462
91.003990634 37 93.925534078 463
91.003611452 36 93.92749611 464
91.003633257 35 93.929291815 465
91.003960343 34 93.960293077 466
91.003602102 33 93.963966898 467
91.003795812 32 93.993172873 468
91.003871855 31 93.995418418 469
91.003873344 30 94.018996577 470
91.003964316 29 94.024112634 471
91.003920906 28 94.032416561 472
91.003582197 27 94.055059164 473
91.003862357 26 94.061804555 474
91.003690923 25 94.078153115 475
91.003990618 24 94.082601596 476
91.003960989 23 94.08756697 477
91.003913765 22 94.100973715 478
91.00381083 21 94.114276864 479
91.0038787 20 94.121656101 480
91.004025753 19 94.144899714 481
91.004039649 18 94.148726343 482
91.003995505 17 94.168406707 483
91.003857209 16 94.192708318 484
91.004030718 15 94.197407651 485
91.004029407 14 94.198886051 486
91.003973366 13 94.223350221 487
91.003941992 12 94.251339531 488
91.004004826 11 94.262095334 489
91.003924131 10 94.266896611 490
91.003829095 9 94.289700684 491
91.003813195 8 94.299361942 492
91.003830514 7 94.319280797 493
91.003927967 6 94.325235336 494
91.00398388 5 94.331209721 495
91.003680186 4 94.338145137 496
91.003914745 3 94.470446761 497
91.004014041 2 94.520222522 498
91.004018308 1 94.55351509 499
91.004035903 0 94.565120531 500
