1813.615437108 12.613745955
1814.76936447 13.762957802
1822.980492309 21.979740089
1824.293454185 23.278047998
1824.623142913 23.607749904
1825.976317758 24.961164057
1826.054548177 25.037503635
1826.117938997 25.10165985
1826.182745776 25.167178032
1826.249566777 25.233756326
1826.311538151 25.296377076
1826.382028992 25.366110557
1826.438447995 25.422418036
1826.505959094 25.490698009
1826.568705582 25.553299628
1826.632645565 25.617056678
1826.696796604 25.680893742
1826.759714459 25.743874475
1826.82500923 25.809799178
1827.048865781 26.033465826
1827.113985346 26.098563558
1827.176323382 26.160906046
1827.24008134 26.223828543
1827.304279371 26.288641064
1827.367241531 26.351643586
1828.621892412 27.604369028
1828.735129831 27.71927312
1828.910320703 27.892875055
1829.024126882 28.00871318
1829.136747619 28.120181439
1829.250203614 28.234375159
1829.337539883 28.321488097
1829.436303423 28.420059302
1829.570093506 28.553000792
1829.591733786 28.576530533
1829.657471389 28.640338136
1829.659886877 28.644288302
1829.682445277 28.663861485
1829.723794552 28.708379195
1829.787277083 28.771669797
1829.792373282 28.775143062
1829.805944478 28.79032851
1829.85069774 28.835079682
1829.862964586 28.847740941
1829.920424866 28.904602878
1829.937775938 28.922231604
1829.963684667 28.947162899
1830.010672899 28.995253293
1830.077378244 29.062227685
1830.084610223 29.068748201
1830.090764197 29.075194924
1830.141970562 29.126526034
1830.15214518 29.136720065
1830.188944403 29.173382723
1830.216667318 29.200860896000002
1830.220254788 29.203996868
1830.280859492 29.26459463
1830.285367818 29.270181165
1830.290370284 29.27249327
1830.345243743 29.328970729
1830.34764513 29.331693109
1830.403377211 29.387793503
1830.410180895 29.395023167
1830.410937566 29.394657051
1830.471871285 29.456288854
1830.474535457 29.459125075
1830.518476311 29.500994641
1830.536388512 29.51855356
1830.540036265 29.524849003
1830.61052286 29.594617418
1830.612060369 29.596794203
1830.632786767 29.617200145
1830.675593326 29.659306734
1830.675812829 29.660202555
1830.741609586 29.725979178
1830.744456717 29.726288595
1830.780278467 29.764003926
1830.834150231 29.818322793
1830.901880127 29.886675016
1830.910343504 29.894754088
1830.962751926 29.946921272
1831.018359198 30.002972063
1831.026489429 30.010242607
1831.090460019 30.074889461
1831.132786147 30.117524543
1831.153318937 30.136901653
1831.228112002 30.212239539
1831.247170352 30.231593913
1831.270823871 30.252466742
1831.502319278 30.48485196
1831.525930557 30.509951881
1831.565703753 30.546074603
1831.63084704 30.612058898
1831.637039807 30.619124485
1831.695677652 30.677274218
1831.750224503 30.734999119
1831.83839773 30.822127401
1832.143870822 31.125169688
1832.155411216 31.138620958
1832.223379175 31.204785629
1832.288036882 31.271593775
1832.300088397 31.282629001
1832.384299555 31.365502005
1832.436003398 31.419460517
1832.513552556 31.494465543
1832.625434543 31.608830543
1832.626511231 31.607814047
1832.818462905 31.800243187
1832.949620405 31.93168171
1833.043208977 32.025298769
1833.136138447 32.119065874
1833.187149923 32.169194634
1833.262799657 32.243222318
1833.269584514 32.251762794
1833.325016141 32.30662614
1833.381515471 32.36434209
1833.386668167 32.368825153
1833.446292554 32.429278918
1833.502517773 32.486119017
1833.527506832 32.508224572
1833.590558135 32.571906036
1833.615854686 32.599445539
1833.648698735 32.62945243
1833.713882921 32.694343482
1833.72792781 32.710619878
1833.784518906 32.766095015
1833.864657188 32.846454082
1833.92686613 32.910654812
1833.960205744 32.944297155
1833.993792779 32.975376207
1834.06027371 33.04154485
1834.084710638 33.06715601
1834.141575259 33.122955109
1834.216167638 33.197076719
1834.218372763 33.202415251
1834.280851269 33.261752648
1834.332106086 33.316698438
1834.344297671 33.325306621
1834.409079334 33.389533694
1834.46073294 33.445350693
1834.477354019 33.459035112
1834.534127086 33.515762822
1834.607703698 33.591731291
1834.61637592 33.59919049
1834.671443557 33.652405889
1834.738410367 33.719317132
1834.798891288 33.780116631
1834.878251762 33.861474196
1834.942570289 33.924305503
1835.008733692 33.990845657
1835.072495981 34.054239599
1837.415791701 36.396014237
1837.480829878 36.462157818
1837.545585327 36.525213875
1837.608866744 36.588769676
1837.658804921 36.641420011
1837.681006049 36.662535217
1837.707202312 36.690190092
1837.782067239 36.763071828
1837.797000109 36.779763609
1837.849737684 36.830677478
1837.872697319 36.852785926
1837.914327246 36.894553754
1837.977015101 36.95734742
1838.069907072 37.050898999
1838.085246676 37.065130964
1838.125798623 37.106943262
1838.143415247 37.122542283
1838.190477854 37.170885913
1838.211293861 37.191720251
1838.253869586 37.234318501
1838.271957333 37.253977695
1838.318602344 37.298777232
1838.335573711 37.318173545
1838.380616524 37.361636042
1838.399865864 37.382844125
1838.44619594 37.427415251
1838.464062563 37.444353632
1838.509156311 37.491287108
1838.527565014 37.50800607
1838.632431434 37.612408968
1838.635588046 37.619665361
1838.680016222 37.659633686
1838.699464126 37.679876736
1838.729095782 37.708489919
1838.762545468 37.743569636
1838.784325787 37.766382269
1838.792705706 37.773707702
1838.79333531 37.772456304
1838.826465766 37.8108079
1838.856725933 37.83875469
1838.856846005 37.836758433
1838.908723411 37.890004234
1838.924083856 37.904039912
1838.959532278 37.939508408
1838.961795844 37.941871334
1839.026654334 38.005003053
1839.060632176 38.041144817
1839.09705583 38.07726751
1839.105170461 38.087273359
1839.107088545 38.085017555
1839.157716347 38.140722641
1839.196548667 38.177002786
1839.198528351 38.18256418
1839.2710602 38.250916111
1839.287440505 38.26677796
1839.292779482 38.272994116
1839.372813914 38.354889691
1839.388447859 38.367309467
1839.390311093 38.371206585
1839.422658077 38.401564928
1839.471694917 38.451920028
1839.473357506 38.453747581
1839.474726961 38.45515165
1839.556363218 38.538168762
1839.556983917 38.535142437
1839.557326091 38.538678036
1839.633591729 38.612507241
1839.635267421 38.61541789
1839.638190312 38.61826014
1839.641293637 38.622311019
1839.728856139 38.707753673
1839.744451097 38.728191068
1839.791474326 38.771680388
1839.808761882 38.786304696
1839.843488508 38.825208096
1839.905477234 38.887040791
1839.906064812 38.884753937
1839.908655761 38.890257877
1840.06517428 39.046532646
1840.065439773 39.045020384
1840.088124793 39.069238713
1840.144930312 39.123590695
1840.146480098 39.127424793
1840.158431973 39.138395279
1840.18135794 39.161458503
1840.228947848 39.210531528
1840.229488694 39.207613564
1840.26527028 39.246217997
1840.32603078 39.306966141
1840.326247749 39.307441739
1840.360277838 39.340421535
1840.389833519 39.370290294
1840.39006592 39.370446697
1840.424010835 39.405660497
1840.440195213 39.420068009
1840.453245151 39.43263285
1840.453754203 39.431604319
1840.487172383 39.467304579
1840.517456075 39.497970616
1840.517899932 39.497798902
1840.553651483 39.534615682
1840.553840334 39.533987138
1840.582004972 39.562125217
1840.582464155 39.561477644
1840.615537514 39.59581897
1840.645597558 39.623208142
1840.659580566 39.639982185
1840.668647838 39.648593717
1840.680682752 39.663412367
1840.711191486 39.690292193
1840.746907282 39.728669228
1840.776459841 39.754519375
1840.788261295 39.766869807
1840.817182805 39.801343236
1840.833538344 39.811889567
1840.862224748 39.845968655
1840.895530538 39.873331765
1840.922176958 39.905142098
1840.924022658 39.90445058
1840.968214882 39.94813242
1840.976667498 39.956771462
1840.999375638 39.979576616
1841.037003356 40.019006829
1841.037431329 40.015212854
1841.067687922 40.050951523
1841.101159487 40.080545718
1841.102291599 40.084676637
1841.108815928 40.08913706
1841.121945268 40.105744402
1841.166311834 40.14673604
1841.166317201 40.147440892
1841.18441916 40.163543414
1841.221022516 40.201290714
1841.230319789 40.208440753
1841.231297385 40.211792067
1841.248603512 40.228737156
1841.294456795 40.273873208
1841.295572379 40.276972492
1841.31449793 40.294966015
1841.333559202 40.312411798
1841.366747166 40.345675098
1841.366870989 40.346947494
1841.377672691 40.359060821
1841.424066742 40.40748388
1841.424920918 40.403300546
1841.441322361 40.422836266
1841.447957725 40.427045438
1841.489205575 40.469944966
1841.490458273 40.469864647
1841.507869697 40.492261251
1841.555369389 40.535874975
1841.555784072 40.534449732
1841.558794234 40.536992391
1841.575597686 40.558062126
1841.624587994 40.603158951
1841.6249177 40.606695852
1841.639022774 40.621159833
1841.674696321 40.655111808
1841.683958571 40.662080815
1841.685023452 40.664940369
1841.704190494 40.685086289
1841.748093962 40.728018249
1841.771585394 40.753740188
1841.789957746 40.771684917
1841.790583044 40.769212171
1841.820387823 40.800575891
1841.831797724 40.811740116
1841.849550579 40.830456181
1841.878580662 40.856671498
1841.900995406 40.881372391
1841.909418633 40.890939095
1841.950005038 40.9290304
1841.96315772 40.943526342
1842.007755259 40.987887974
1842.064329243 41.046195742
1842.071175413 41.050744424
1842.076449339 41.054482168
1842.122148819 41.102134843
1842.135613564 41.11584835
1842.181293068 41.161683229
1842.190014731 41.168356942
1842.19494044 41.174029604
1842.244832925 41.226154735
1842.259534426 41.238640554
1842.304211392 41.284213325
1842.309702511 41.292497787
1842.349213256 41.327463091
1842.405611447 41.383486093
1842.418084452 41.396201782
1842.470711701 41.449823083
1842.532204489 41.512296733
1842.532796092 41.514569191
1842.598424976 41.578417905
1842.64661086 41.626917298
1842.661637464 41.640650658
1842.728865402 41.706757427
1842.761396776 41.740645007
1842.808693714 41.787825566
1842.872514495 41.851502493
1842.96943361 41.950350133
1843.118662144 42.097901783
1843.201757007 42.180351739
1843.214672867 42.194604182
1843.257039355 42.237396173
1843.326297311 42.304491212
1843.327778301 42.306181448
1843.43890855 42.41759071
1843.543103391 42.52208332
1843.65489081 42.633114735
1843.767362233 42.747570101
1843.960480947 42.940430164
1844.065511221 43.043643646
1844.178904231 43.15781774
1844.288929567 43.267138145
1844.41797213 43.396622717
1844.529110679 43.509498354
1844.640538837 43.618933303
1844.769253256 43.747850088
1844.965830752 43.944512971
1845.090047455 44.071582146
1845.21303284 44.19394563
1845.419548256 44.397849077000004
1845.567789305 44.546178979
1845.683155665 44.661385997
1845.804993717 44.78395994
1845.965305245 44.944022277
1846.08252097 45.062722641
1846.200617906 45.180828555
1846.315251839 45.294252964
1846.441442914 45.420105681
1846.591429163 45.570592788
1846.725269514 45.705508769
1846.919105372 45.899028737
1847.027676978 46.008382141
1847.143680264 46.124605562
1847.145081714 46.119464509
1847.209593801 46.187176053
1847.255893073 46.234155884
1847.281212934 46.257579388
1847.435455925 46.410436584
1847.571745236 46.553160524
1848.515606649 47.49239602
1848.636265727 47.611841598
1848.636312715 47.614171931
1848.729730813 47.708356232
1848.750248752 47.726639915
1848.776771608 47.76117566
1848.803001347 47.780944821
1848.815203949 47.790586521
1848.824129196 47.803068806
1848.879040459 47.85632279
1848.906260291 47.882050208
1848.907011444 47.891648702
1848.944563622 47.920638125
1848.968387078 47.947356249
1849.009880973 47.985489225
1849.027561468 48.002503015
1849.073337395 48.050615153
1849.080595966 48.061039075
1849.119108965 48.103019523
1849.138131866 48.113740875
1849.156114001 48.13123811
1849.193423415 48.171386042
1849.211050789 48.189052097
1849.266452849 48.242708283
1849.275837501 48.260204118
1849.27655425 48.252418891
1849.319051641 48.297306242
1849.330236459 48.304928924
1849.393978329 48.371165677
1849.43489262 48.413250959
1849.442843987 48.418059354
1849.452856122 48.437290844
1849.475205076 48.450883311
1849.540444322 48.515653572
1849.544771431 48.523406162
1849.595132271 48.572336524
1849.615125318 48.590685998
1849.640559286 48.621084165
1849.679722249 48.655585712
1849.687086436 48.671892898
1849.744496597 48.720357384
1849.752158692 48.733044534
1849.777447938 48.752517638
1849.781833232 48.759997522
1849.807272799 48.782203124
1849.818129943 48.802728819
1849.855857202 48.834457749
1849.88216203 48.859478632
1849.941111576 48.919091731
1849.955609469 48.933185215
1849.959322375 48.935057516
1849.968189867 48.947770669
1850.014987626 48.992182949
1850.016128366 49.00085526
1850.039950882 49.015190523
1850.072330964 49.050976813
1850.077298421 49.052632315
1850.087929155 49.066904065
1850.154190904 49.132377403
1850.154207996 49.131001625
1850.172809133 49.156856443
1850.174228129 49.149903299
1850.200692275 49.179878951
1850.215992141 49.190426859
1850.218323263 49.194786729
1850.269230215 49.253808256
1850.27835548 49.253969152
1850.282619918 49.258414386
1850.316388719 49.296540144
1850.33686189 49.315955059
1850.367190932 49.342819664
1850.368735779 49.344399611
1850.423978222 49.399694655
1850.430101078 49.408478828
1850.431203481 49.407289966
1850.462619562 49.447033846
1850.488019127 49.463355692
1850.494569726 49.469221665
1850.539037587 49.51697483
1850.551534288 49.52912248
1850.56894554 49.544733669
1850.571225014 49.549361628
1850.618829756 49.594490904
1850.636794447 49.615656698
1850.668921306 49.647305447
1850.683044735 49.65916817
1850.702299155 49.677896381
1850.747797329 49.722139054
1850.767395082 49.745732006
1850.783059307 49.763258215
1850.809137921 49.785751901
1850.816406247 49.793957942
1850.830648302 49.808928416
1850.896955251 49.874317473
1850.923411406 49.900716522
1850.956153821 49.930559977
1850.984486287 49.964393594
1850.990565144 49.969394233
1851.006025748 49.981616206
1851.068875385 50.047063583
1851.069936021 50.044259515
1851.099899248 50.080787818
1851.121821259 50.099409068
1851.128463248 50.104952363
1851.134248248 50.108942203
1851.184872854 50.161534036
1851.19705993 50.173437763
1851.213095512 50.193437953
1851.247928707 50.22453149
1851.252749686 50.231699365
1851.261858014 50.238671464
1851.327539857 50.302687491
1851.330314465 50.306742268
1851.391836374 50.369166151
1851.394022005 50.370541766
1851.395766063 50.374116739
1851.45577726 50.43043542
1851.457703922 50.436278333
1851.505270171 50.483316934
1851.520111617 50.496602055
1851.524534129 50.503410715
1851.59984698 50.575695429
1851.603012422 50.580314621
1851.664746691 50.640103327
1851.668877381 50.648000389
1851.675294126 50.65311423
1851.730575748 50.705775996
1851.73278818 50.711120331000004
1851.795524319 50.771276756
1851.796797046 50.775896671
1851.847557399 50.825510418
1851.860814237 50.836968939
1851.87332898 50.85050495
1851.927709593 50.902919502
1851.937878397 50.915203403
1851.967597248 50.945875811
1852.002510008 50.977715163
1852.067045509 51.042198122
1852.089299884 51.067505735
1852.12553994 51.103619257
1852.129322387 51.105779448
1852.181237963 51.156996849
1852.195226273 51.170201603
1852.229892982 51.207691414
1852.24551603 51.223666537
1852.26009986 51.23593735
1852.309488087 51.285705901
1852.324030994 51.301275399
1852.374394589 51.350750166
1852.375898159 51.354874787
1852.388260377 51.365008919
1852.438659239 51.416018911
1852.452130991 51.428771545000004
1852.507375743 51.486270461
1852.516544827 51.490878758
1852.531056999 51.50758915
1852.568398824 51.546594124
1852.580169763 51.557762688
1852.631494964 51.610506403
1852.645563176 51.621443766
1852.679465451 51.657450977
1852.704261822 51.682429334
1852.710821591 51.686717637
1852.774487874 51.750248537
1852.777761173 51.754236327
1852.820431752 51.798792841
1852.824089461 51.799816612
1852.825580876 51.80342875
1852.886291377 51.861626547
1852.904032818 51.879258563
1852.92116783 51.897376082
1852.950739979 51.926567103
1853.015276334 51.991466327
1853.050953208 52.02669433
1853.069452668 52.044506787
1853.079384665 52.057115189
1853.131398977 52.109467769
1853.143577624 52.118909994
1853.177796602 52.153504113
1853.196478775 52.174779519
1853.209453396 52.185615858
1853.260749644 52.239073354
1853.274725055 52.250846015
1853.305430298 52.282166597
1853.326033511 52.302198862
1853.337434415 52.313878721
1853.378702975 52.357519445
1853.390148358 52.366357358
1853.404002879 52.378267895
1853.437979969 52.413858986
1853.46835943 52.44493579
1853.502984157 52.481336257
1853.532223847 52.507396706
1853.561546544 52.539823918
1853.568012185 52.545624916
1853.580543721 52.556934907
1853.645538133 52.622787245
1853.64839508 52.62416795
1853.668082904 52.643664705
1853.711214612 52.690349366
1853.80061153 52.776747171
1853.829315183 52.80551449
1853.869258578 52.844191936
1853.941479717 52.919033347
1854.06840149 53.044151356
1854.084620114 53.06284045
1854.086498872 53.060889011
1854.126123101 53.102620966
1854.190861274 53.167650465
1854.239679483 53.218292683
1854.27487178 53.254010009
1854.337334414 53.313536438
1854.350252514 53.328591504
1854.409684312 53.387509674
1854.479048975 53.458135182
1854.529062732 53.508065614
1854.585927783 53.564641567
1854.620335422 53.598349975
1854.666829879 53.641750193
1854.755568369 53.734192815
1854.79104595 53.770201618
1854.855605783 53.833578822
1854.936906045 53.917883572
1854.946146577 53.925268531
1854.979372204 53.954453624
1855.09218065 54.070829504
1855.105418721 54.080765518
1855.109269328 54.083948461
1855.146464117 54.121787881
1855.21173172 54.188934512
1855.214330636 54.189891449
1855.217204059 54.191603407
1855.245009487 54.223114385
1855.276583123 54.254663248
1855.335115443 54.310270348
1855.337095331 54.321896468
1855.339226729 54.315572751
1855.359790005 54.337930974
1855.404356766 54.382623674
1855.439715202 54.414053253
1855.445273509 54.426962202
1855.467759756 54.444408349
1855.529475378 54.506778295
1855.533475025 54.508146831
1855.554136799 54.527221018
1855.557873563 54.540676123
1855.596084841 54.574196562
1855.677665211 54.655673795
1855.69405729 54.670202542
1855.696973843 54.672299722
1855.742410752 54.71961646
1855.808275862 54.785612837
1855.811119235 54.791514337
1855.823830673 54.801163292
1855.881342774 54.860346968
1855.929649983 54.904640948
1855.945149334 54.924407961
1856.020900646 54.996707064
1856.05032667 55.02479206
1856.090306459 55.068446448
1856.13072959 55.105177682
1856.136864551 55.114199496
1856.163878895 55.145032814
1856.20118515 55.176862335
1856.239462709 55.217273463
1856.259131843 55.238726342
1856.267528631 55.245395945
1856.27785077 55.256486552
1856.332009404 55.310193746
1856.3527545 55.326288191
1856.389244975 55.370995487
1856.396132956 55.374237449
1856.444168785 55.422796372
1856.462783268 55.441930797
1856.469013615 55.444589635
1856.506682339 55.483250739
1856.526065112 55.501685562
1856.583605607 55.557942172
1856.590192808 55.568352018
1856.591391532 55.571253226
1856.626867947 55.605891667
1856.653983796 55.632801391
1856.695783632 55.672388265
1856.717838617 55.695992369
1856.736052969 55.711627618
1856.781345423 55.760337069
1856.807339986 55.784632635
1856.80810717 55.784745459
1856.846632669 55.823249676
1856.909087881 55.886876991
1856.913753227 55.891095695
1856.958612785 55.933561176
1857.008776674 55.984486063
1857.027774601 56.011312398
1857.071822637 56.047024251
1857.101887857 56.043519681
1857.118873092 56.095699407
1857.147251714 56.1244711
1857.164325216 56.137028654
1857.182200007 56.160310163
1857.185767676 56.162444286
1857.192791888 56.168927057
1857.23108881 56.20398092
1857.249819341 56.226046823
1857.256939512 56.233332269
1857.29490359 56.268900855
1857.299452538 56.275170518
1857.313338057 56.291239906
1857.358912027 56.332512513
1857.382199503 56.36323316
1857.382600498 56.358490498
1857.40672005 56.381952139
1857.42251139 56.397740065
1857.422796053 56.396611116
1857.459704728 56.434944203
1857.488411208 56.43069466
1857.519402765 56.497689391
1857.522979299 56.500735668
1857.552407836 56.526651147
1857.559809968 56.535933672
1857.587137131 56.564373172
1857.594283828 56.571875192
1857.61746186 56.589740699000004
1857.637042757 56.612094396
1857.651903525 56.628934662
1857.678814655 56.655292412
1857.681882399 56.624548024
1857.715964329 56.691531831
1857.746415914 56.719951906
1857.752462911 56.727406138
1857.781339555 56.760493933
1857.793439081 56.767831182
1857.811400549 56.784248817
1857.832118569 56.810940835
1857.84656421 56.820918207
1857.864764731 56.843018779
1857.875399324 56.848073665
1857.942886549 56.915366935
1857.949096865 56.925769376
1857.956090913 56.93198358
1857.974479157 56.952495398
1858.004431621 56.976763357
1858.064091486 57.036976158
1858.071324566 57.04388344
1858.086826075 57.066217673
1858.103361354 57.080944254
1858.132134918 57.104425066
1858.145853018 57.123466977
1858.167943748 57.143724878
1858.178217824 57.156118193
1858.197767754 57.169732204
1858.202556015 57.185408158
1858.237077655 57.21357642
1858.261920776 57.234385594
1858.297444721 57.277052013
1858.310296145 57.286690456
1858.326236787 57.298791048
1858.331793038 57.312041768
1858.361395134 57.338712007
1858.391109554 57.363235048
1858.426741728 57.400134268
1858.429972919 57.40815608
1858.444359358 57.421927766
1858.454604724 57.428281576
1858.510892025 57.488240108
1858.520881582 57.494672715
1858.539385612 57.516699768
1858.543806814 57.519449402
1858.571669594 57.551296177
1858.583889519 57.556117142
1858.634486288 57.613073114
1858.648252919 57.617441741
1858.654411652 57.62979956
1858.664348508 57.639278223
1858.704804062 57.681284847
1858.75927413 57.732628146
1858.781220768 57.75906765
1858.783248481 57.759855462
1858.785416863 57.765861875
1858.816679076 57.789530767
1858.87677118 57.852927032
1858.903807721 57.876942053
1858.920995271 57.894221101
1858.966805811 57.935965541
1858.991088333 57.974103759
1858.993952103 57.970595717
1859.031076552 58.003716574
1859.033225151 58.008287454
1859.095535818 58.069326586
1859.104715608 58.081904935
1859.146714676 58.123970248
1859.159677555 58.133194809
1859.189374024 58.166556019
1859.215679784 58.193973943
1859.222913706 58.195086327
1859.2586125 58.236460327
1859.289595838 58.262219946
1859.329462965 58.305311958
1859.329879193 58.30559432
1859.352067803 58.325331022
1859.370535919 58.346901339
1859.417397919 58.359868415
1859.471129222 58.446103625
1859.496791791 58.468764369
1859.500475561 58.474357705
1859.546997741 58.525128416
1859.561443312 58.53465938
1859.599586555 58.580557177
1859.611937087 58.588562951
1859.625645585 58.598793191
1859.691257355 58.664527806
1859.698382666 58.674891243
1859.724132402 58.699348113
1859.755132559 58.727651662
1859.788873608 58.766956451
1859.820606067 58.793320422
1859.910088077 58.888399058
1859.957361583 58.93135067
1860.033285496 59.006842914
1860.107600047 59.083954003
1860.118357531 59.091514859
1860.124562758 59.102113328
1860.173735019 59.146414494
1860.200238411 59.178390126
1860.21795041 59.200031711
1860.228361928 59.202211514
1860.238764283 59.212108247
1860.277952568 59.251668769
1860.314160525 59.295497568
1860.359056614 59.333086363
1860.371313696 59.349183541
1860.422207856 59.396668381
1860.467738744 59.44844231
1860.483429974 59.457824331
1860.484940673 59.457111393
1860.551231887 59.49335303
1860.572745406 59.552329358
1860.597343651 59.573890378
1860.615956322 59.590206586
1860.680606508 59.652860727
1860.682101251 59.660918962
1860.711822437 59.686795194
1860.745399001 59.714502311
1860.798251669 59.780771304
1860.809267596 59.782667023
1860.823395097 59.800068614
1860.873850297 59.847675365
1860.907090861 59.891098936
1860.938504571 59.911125889
1860.947448576 59.924738243
1861.002523308 59.975399621
1861.022042857 60.002928469
1861.046571936 60.023202087
1861.066759993 60.041122595
1861.130058745 60.104254901
1861.133339402 60.113816119
1861.159369023 60.13327981
1861.209699185 60.183996166
1861.210251086 60.185836684
1861.262979009 60.2412255
1861.289331081 60.264011389
1861.290060388 60.259211643
1861.372154345 60.344445058
1861.406347431 60.390067321
1861.433220776 60.409792738
1861.450601883 60.424605482
1861.51350294 60.486111003
1861.519071172 60.503152302
1861.547818261 60.524280143
1861.594776265 60.563874334
1861.653395905 60.635204451
1861.658939968 60.632833674
1861.659985345 60.63388281
1861.722732771 60.696165645
1861.768332012 60.751610177
1861.771801371 60.745483565
1861.782912923 60.760467305
1861.791447106 60.764003103
1861.882890879 60.85517968
1861.905756337 60.888392621
1861.927539764 60.905416671
1862.017788759 60.99614442
1862.100461113 61.076324475
1862.272698382 61.25081253
1862.28386554 61.261461253
1862.758472587 61.734683188
1862.762186757 61.742720861
1863.012053321 61.987920834
1863.014696916 61.991316246
1863.016803316 61.993315333
1863.367211534 62.343652805
1863.37310237 62.349586306
1863.401840514 62.377524217
1863.623972416 62.600711346
1863.633117847 62.612987612
1863.678163387 62.654053905
1863.721335543 62.698878118
1863.762997488 62.736858307
1863.840324472 62.815519638
1863.933799049 62.915778553
1863.956225695 62.93379955
1864.006390849 62.983669325
1864.039292025 63.013647739
1864.045228004 63.024205296
1864.160441912 63.138838531
1864.168829182 63.145547596
1864.173263974 63.147561492
1864.288750656 63.267142564
1864.297359248 63.270013467
1864.300929343 63.283616899
1864.424921364 63.399304835
1864.428592657 63.412550927
1864.536721212 63.513150788
1864.540817145 63.52095586
1864.649709829 63.625345129
1864.653978078 63.636628791
1864.760673125 63.734545647
1864.765849914 63.740540265
1864.878459228 63.858939701
1864.943025282 63.917027318
1864.991871972 63.970894066
1865.050076375 64.027847497
1865.104358234 64.081537164
1865.180221689 64.157788197
1865.249053027 64.228620409
1865.293526047 64.266794445
1865.361630035 64.341014223
1865.405158425 64.379045179
1865.443130135 64.384795064
1865.475020684 64.44846701
1865.506565423 64.447710835
1865.522782102 64.496742325
1865.574731601 64.513492963
1865.589276213 64.566467358
1865.634630625 64.608612927
1865.636420566 64.572937389
1865.702494299 64.641095451
1865.702993433 64.68268536
1865.749029053 64.723250096
1865.764836526 64.706773058
1865.828945855 64.812721899
1865.829705484 64.772273496
1865.895106251 64.835224212
1865.951077113 64.926258568
1865.953217785 64.932414269
1865.977154037 64.915867436
1866.139382222 65.080940958
1866.197533747 65.13954246
1866.20608861 65.143787316
1866.235475098 65.209301064
1866.23978464 65.217364518
1866.269272714 65.242446874
1866.283139324 65.222486264
1866.349228223 65.322037124
1866.364658049 65.302593327
1866.371824709 65.349414521
1866.376182704 65.349906148
1866.413867666 65.353755275
1866.429566435 65.36713565
1866.476518952 65.449356191
1866.485042053 65.461866076
1866.487788866 65.468519556
1866.492249858 65.428340124
1866.541620871 65.514888228
1866.555750195 65.494698253
1866.5940053 65.571814133
1866.59920118 65.575773474
1866.605332587 65.545334713
1866.61839442 65.559083671
1866.668915708 65.610534407
1866.684161925 65.622170317
1866.707140176 65.682769534
1866.711606492 65.693644522
1866.734918445 65.708159887
1866.750145919 65.689970918
1866.80347109 65.777707211
1866.813852623 65.75030903
1866.823191804 65.79925312
1866.871454522 65.845286245
1866.87725559 65.818747322
1866.909088475 65.887028354
1866.934388011 65.91199954
1866.934501179 65.911319199
1866.94256399 65.878130642
1867.006031818 65.942997924
1867.012310725 65.987881058
1867.055025978 66.038269823
1867.063113983 66.032298689
1867.069301251 66.006779281
1867.11921638 66.091569942
1867.134641785 66.072492517
1867.149478009 66.125198471
1867.167403766 66.152017951
1867.183722541 66.157205321
1867.19839139 66.135375926
1867.255831592 66.232501155
1867.256454865 66.197629678
1867.261865394 66.203718348
1867.275069319 66.25584713800001
1867.310222251 66.283065115
1867.327692502 66.268890226
1867.366475247 66.350883241
1867.368956682 66.346553997
1867.387529295 66.365317665
1867.38841509 66.326241269
1867.390583682 66.330449747
1867.454974374 66.394732878
1867.456748503 66.429226783
1867.480745161 66.454610831
1867.484276851 66.462488503
1867.490666369 66.469499897
1867.518188695 66.456181634
1867.519031607 66.457031707
1867.582600037 66.521119782
1867.584431651 66.524677248
1867.592604981 66.56644478
1867.595728216 66.571347094
1867.637384921 66.621369406
1867.647455145 66.58625918
1867.650322068 66.623921162
1867.706947107 66.685077448
1867.709190835 66.685696891
1867.713271411 66.653457613
1867.714765796 66.655208009
1867.764180816 66.702838137
1867.764870014 66.706513872
1867.77964156 66.756988002
1867.819234714 66.797135694
1867.820224549 66.799137429
1867.830505953 66.771288379
1867.832399831 66.771862064
1867.894442633 66.832048593
1867.897070946 66.866004722
1867.913949052 66.89768754
1867.931606265 66.906488101
1867.951490435 66.925060582
1867.957521373 66.899333133
1868.022291139 66.962851389
1868.044286769 67.019894437
1868.054944665 67.032880969
1868.06466106 67.045078811
1868.082773567 67.055265645
1868.087222988 67.026515045
1868.134971052 67.103773203
1868.150528783 67.092406204
1868.162266966 67.142978241
1868.163880248 67.139022794
1868.175943601 67.153749308
1868.20046283 67.175434346
1868.246109059 67.185516117
1868.279095812 67.216932208
1868.295918704 67.278287599
1868.298427454 67.282813963
1868.310253324 67.248048986
1868.330842552 67.306616082
1868.343419995 67.316292348
1868.374668277 67.312686703
1868.402925306 67.381924513
1868.407190964 67.381123129
1868.410899771 67.395352676
1868.438515353 67.379396209
1868.442043355 67.415841353
1868.475979855 67.449420643
1868.505264045 67.444319019
1868.523741657 67.508340671
1868.551991479 67.490884924
1868.552397333 67.526616768
1868.557732874 67.537731096
1868.568925302 67.546791003
1868.620775099 67.594556935
1868.625732237 67.561466732
1868.637702537 67.61563493
1868.680462844 67.618445557
1868.682377662 67.622953233
1868.766760687 67.743001917
1868.776098056 67.715163757
1868.779074076 67.720453681
1868.840598149 67.78242968
1868.843310034 67.816769858
1868.853656643 67.831748433
1868.868516327 67.846640198
1868.904263697 67.84043048
1868.910138552 67.88483306
1868.953418863 67.931636126
1868.968946252 67.907820265
1868.981294301 67.962267071
1869.051186741 67.991115303
1869.105603823 68.087719636
1869.106571367 68.079120575
1869.111143674 68.050891909
1869.16251621 68.136934623
1869.208823808 68.148471758
1869.266927723 68.238872848
1869.274146743 68.256724145
1869.289898807 68.230038149
1869.317313556 68.301735319
1869.354528492 68.293206988
1869.355776552 68.293182672
1869.374214573 68.358642911
1869.435269532 68.371590091
1869.436394969 68.374069474
1869.510640552 68.492203061
1869.515881618 68.489625294
1869.538670363 68.513095286
1869.579772421 68.553608961
1869.649445919 68.624834899
1869.677945524 68.619490137
1869.719054207 68.694024587
1869.756735658 68.730483545
1869.776559386 68.757451503
1869.821213085 68.795584057
1869.826272202 68.810467082
1869.934798237 68.876525879
1869.954421484 68.935777527
1870.075740885 69.015332833
1870.088851372 69.069028512
1870.108319824 69.092490451
1870.127915062 69.102112076
1870.199837422 69.173722507
1870.206600266 69.188051714
1870.27501044 69.213921184
1870.324761378 69.293574682
1870.342911483 69.320204714
1870.355696135 69.337360865
1870.387364602 69.360024966
1870.450826651 69.424292987
1870.455157353 69.433798389
1870.46545934 69.441166084
1870.516481122 69.488807158
1870.574547325 69.555577412
1870.578637115 69.560179224
1870.58011033 69.553585674
1870.642961333 69.585652323
1870.68993352 69.6739891
1870.706476299 69.646972329
1870.70882279 69.692971171
1870.782046342 69.754629884
1870.802952857 69.777889864
1870.835850566 69.774845107
1870.89374828 69.873864948
1870.907147047 69.881357692
1870.926142786 69.904737357
1871.026898707 70.005483832
1871.036601443 70.01678861
1871.071255188 70.010741099
1871.12740626 70.101202477
1871.138986733 70.123309955
1871.187084329 70.16132449
1871.213012881 70.195361367
1871.248557831 70.223519912
1871.283395641 70.258723654
1871.329245879 70.301188389
1871.393453517 70.365432189
1871.393789664 70.372483162
1871.397666042 70.372126284
1871.459465859 70.433324402
1871.50939535 70.488213769
1871.530927031 70.505360195
1871.568182955 70.546422649
1871.58758811 70.527932561
1871.622405657 70.604253305
1871.650635866 70.590367165
1871.71606133 70.689344826
1871.738044588 70.718543367
1871.777433198 70.761213718
1871.779247971 70.751402604
1871.843137396 70.782773057
1871.865394527 70.841025576
1871.90839216 70.880587936
1871.935337824 70.912910878
1871.978209684 70.957334032
1872.078408184 71.062124775
1872.085490361 71.023945981
1872.093444603 71.077797546
1872.149575454 71.089892532
1872.204874395 71.189225446
1872.212500327 71.181583811
1872.285316318 71.259118405
1872.316578548 71.29553721
1872.341095964 71.314223801
1872.40455104 71.377801025
1872.419138997 71.396445307
1872.427938335 71.408947856
1872.469024518 71.408036288
1872.532964043 71.470139544
1872.540601889 71.514910796
1872.59711422 71.569228446
1872.652227933 71.626498905
1872.661674483 71.636023329
1872.669890259 71.651887064
1872.726019021 71.699586
1872.741236705 71.721438456
1872.794905178 71.767040501
1872.852265046 71.829049113
1872.852301438 71.791268131
1872.91010257 71.893870478
1872.937686554 71.911327405
1872.983540227 71.960896165
1873.014419503 71.947806156
1873.048509595 72.028403844
1873.075885734 72.008861352
1873.092856482 72.034362736
1873.108569574 72.089441651
1873.139792695 72.075517983
1873.15914152 72.13291729
1873.211374672 72.189255153
1873.212306855 72.148072123
1873.221257407 72.199283444
1873.225204336 72.198752334
1873.27206927 72.20725227
1873.292383908 72.233702648
1873.333835093 72.313981157
1873.336789658 72.271807863
1873.351693099 72.331678317
1873.354865797 72.328444444
1873.403725765 72.339849225
1873.422250233 72.395389008
1873.444737803 72.422615112
1873.470179157 72.403755669
1873.486683351 72.428607295
1873.519720833 72.45407162
1873.534988431 72.468623701
1873.535404337 72.515516596
1873.552558275 72.526001521
1873.558114721 72.539128499
1873.59760712 72.533237508
1873.616488522 72.588814867
1873.633189257 72.566738492
1873.661228513 72.596684214
1873.670005904 72.643941433
1873.681946133 72.656347568
1873.728378077 72.664941994
1873.745914019 72.718264356
1873.746828727 72.68013189
1873.779884232 72.760081842
1873.783604848 72.767336533
1873.794010892 72.727443618
1873.810650694 72.783506514
1873.876169214 72.8449026
1873.889048714 72.82324875
1873.908092954 72.880204164
1873.912815075 72.896998399
1873.953145675 72.887594627
1873.975994508 72.960078526
1874.02106081 72.956870774
1874.03596244 72.978158437
1874.040151216 73.01638043
1874.070995948 73.045225141
1874.084427766 73.01820096
1874.134502257 73.108002732
1874.139784984 73.118361778
1874.147387498 73.088110053
1874.148773771 73.082608914
1874.152436859 73.128281165
1874.200915271 73.139418332
1874.213473878 73.147069497
1874.259976515 73.232325912
1874.263913475 73.243046159
1874.264028081 73.207301791
1874.277021274 73.210782355
1874.31917271 73.298403986
1874.332987492 73.269245366
1874.346597343 73.281528439
1874.371679281 73.304332423
1874.37588011 73.359629633
1874.397594884 73.338989405
1874.411899471 73.346112198
1874.461898428 73.400845029
1874.476461949 73.409528407
1874.483673745 73.420891987
1874.487011489 73.463206761
1874.529527579 73.503255088
1874.542512369 73.477851983
1874.569255102 73.549443998
1874.59102652 73.529495764
1874.595908304 73.568117029
1874.602051321 73.577800706
1874.606008395 73.538849449
1874.656674265 73.595704747
1874.671108759 73.605524591
1874.708607838 73.651334847
1874.717361649 73.693217932
1874.72045274 73.694047887
1874.729559511 73.712128272
1874.734883604 73.668160478
1874.787504359 73.726094723
1874.799335644 73.73336747
1874.821519427 73.757144165
1874.825319991 73.807353158
1874.854251205 73.796409702
1874.87966682 73.812960607
1874.940184508 73.921997667
1874.948234557 73.884137033
1874.95470522 73.893412084
1874.960480874 73.900253673
1875.007496719 73.940666637
1875.051566771 74.034488383
1875.064648967 74.036799577
1875.078064285 74.011245688
1875.082716944 74.061866763
1875.105841552 74.048718089
1875.137726588 74.073047305
1875.163580723 74.141124276
1875.168059474 74.106743585
1875.1763363 74.109629657
1875.202582788 74.136912383
1875.23292906 74.172650537
1875.249744162 74.230977694
1875.264920653 74.198940462
1875.277915337 74.25922967
1875.288435618 74.230097274
1875.29921368 74.272486071
1875.330199019 74.263538415
1875.377949363 74.316921948
1875.389640174 74.367590216
1875.39026275 74.325176341
1875.395188095 74.372997354
1875.402853924 74.33646067
1875.454919376 74.389846064
1875.458421819 74.39616105
1875.507008503 74.487284949
1875.519306109 74.454705764
1875.527175706 74.461638816
1875.593094928 74.527414548
1875.621706756 74.600820321
1875.63189432 74.570018686
1875.654071993 74.587269157
1875.727279157 74.660867853
1875.736508003 74.716606528
1875.746717746 74.718877406
1875.790327678 74.724312317
1875.849399648 74.826219995
1875.880606263 74.814354938
1875.909208505 74.842870386
1875.945016147 74.879904605
1875.964747169 74.943059605
1876.025966763 74.960889675
1876.041647118 74.982157354
1876.095101042 75.070775571
1876.106987692 75.04285266
1876.138255175 75.07508208
1876.170744746 75.104487348
1876.223102248 75.201485749
1876.235371774 75.170783838
1876.264700059 75.198904551
1876.302387342 75.235948928
1876.336878712 75.310719375
1876.380111815 75.313770942
1876.397966961 75.33350152
1876.460983997 75.396034348
1876.481346012 75.457574461
1876.52391012 75.467036305
1876.52642359 75.459314248
1876.605231535 75.538202944
1876.609885218 75.583756161
1876.65426425 75.588287814
1876.684542892 75.6188639
1876.725331377 75.699277139
1876.750576525 75.685104261
1876.771038209 75.705831432
1876.816425554 75.75164645
1876.862894676 75.797431959
1876.889992868 75.86810423
1876.919102112 75.853762999
1876.960853495 75.933192645
1876.991975735 75.927876106
1877.002636351 75.981561469
1877.056189159 75.990707454
1877.064197964 76.036753922
1877.122428807 76.057847062
1877.12624017 76.108034189
1877.185717143 76.121608943
1877.187570087 76.125061733
1877.242279556 76.22302288
1877.268539032 76.202162743
1877.320539996 76.293125346
1877.33248497 76.266484397
1877.366765293 76.342599144
1877.430908716 76.364534072
1877.458039296 76.394028909
1877.5324271 76.513829352
1877.711443072 76.686830879
1877.719836364 76.654362803
1877.751178629 76.686135968
1877.779226134 76.71355702
1877.808454018 76.789374817
1877.820827918 76.800421365
1877.846673701 76.782548618
1877.976549106 76.913496973
1878.51478064 77.492140711
1878.563834915 77.496483074
1878.665741051 77.6494758
1878.694408087 77.628646054
1878.843523415 77.823595882
1878.916720761 77.893378947
1878.968279433 77.904187615
1879.095277137 78.079720778
1879.154199077 78.093820024
1879.187493447 78.163733832
1879.231662294 78.209271871
1879.25224126 78.229048875
1879.265797342 78.202735039
1879.298886517 78.283510892
1879.354430437 78.287968228
1879.354733817 78.33455368
1879.362513374 78.337194437
1879.426414773 78.402176421
1879.465448705 78.447286955
1879.466007488 78.399616899
1879.49107 78.466018771
1879.556992256 78.534554465
1879.580556332 78.518195581
1879.587323204 78.564892266
1879.622464074 78.601856157
1879.682428187 78.661806146
1879.693327212 78.62888155
1879.778212537 78.758726109
1879.879965799 78.857936669
1879.930055292 78.863687599
1879.932314079 78.914799075
1879.942440198 78.921858931
1880.00569456 78.990310775
1880.040553736 79.02540152
1880.041413117 79.014045474
1880.069817308 79.04547157
1880.136453673 79.116321687
1880.152493584 79.13279416
1880.154772344 79.092326925
1880.197436508 79.171242834
1880.261092748 79.240940733
1880.264145874 79.242787463
1880.272496289 79.207554415
1880.327414014 79.306596486
1880.378189439 79.312176167
1880.388991092 79.369394254
1880.410405815 79.387686698
1880.454121279 79.429519447
1880.490273966 79.463123674
1880.519638428 79.497575571
1880.589984758 79.570858473
1880.600154151 79.578805856
1880.619484707 79.555521661
1880.663421699 79.648040764
1880.715340558 79.697742157
1880.729498626 79.66237888
1880.732769361 79.713155819
1880.9043718 79.878800079
1880.904774934 79.886845075
1880.911322389 79.846355111
1880.967697818 79.945243866
1880.991578145 79.968852103
1881.024805852 80.005227551
1881.035791683 79.970711792
1881.087829475 80.065053908
1881.103532476 80.081792614
1881.148038491 80.08863534
1881.151982742 80.13112893
1881.21492868 80.192722228
1881.218584116 80.198894682
1881.267618141 80.203331905
1881.283842146 80.260019401
1881.375921812 80.359892506
1881.398441522 80.380502872
1881.451031057 80.385379894
1881.461179622 80.439893557
1881.511969316 80.493839334
1881.513464568 80.489281629
1881.540519673 80.476041655
1881.578467585 80.562879856
1881.625208619 80.609778115
1881.647754818 80.622712845
1881.653905758 80.59375832
1881.684453764 80.615238829
1881.703954398 80.687454996
1881.74753073 80.680164719
1881.772073044 80.706102771
1881.779180166 80.758328736
1881.812169533 80.744461224
1881.869954677 80.800981366
1881.871213574 80.845575936
1881.882811092 80.862673632
1881.93420286 80.865775855
1881.956727455 80.893376126
1881.985247083 80.915653342
1881.996698568 80.97657164
1882.048079393 80.980167779
1882.074259178 81.010699088
1882.110007891 81.093778259
1882.113663102 81.044436985
1882.179500314 81.110829628
1882.187725829 81.123615638
1882.187893595 81.166282174
1882.22205412 81.20543831
1882.242536415 81.173586302
1882.290306784 81.221306123
1882.300737261 81.234072315
1882.334598467 81.313271908
1882.339232881 81.316011188
1882.353790271 81.286149287
1882.411887818 81.384213402
1882.421912489 81.354523056
1882.4305771 81.361869277
1882.44663846 81.425287409
1882.487706086 81.420020351
1882.50600268 81.484876494
1882.524637102 81.463126032
1882.541835849 81.476316793
1882.549824655 81.481128391
1882.559958425 81.542701281
1882.612157819 81.543863654
1882.636364186 81.569767199
1882.657125531 81.591438878
1882.668034597 81.646208269
1882.672713826 81.650738689
1882.677090519 81.608767063
1882.740971844 81.671642497
1882.748232277 81.681239596
1882.766042371 81.699596216
1882.809110101 81.740203015
1882.847699099 81.826300164
1882.856089313 81.830430939
1882.880753162 81.81454864
1882.884948997 81.815955584
1882.94197788 81.914494472
1882.947684397 81.88030345
1882.960766554 81.944499826
1883.014033853 81.946922678
1883.033876963 82.01427408
1883.053244769 81.986676036
1883.073675259 82.052481435
1883.0782241 82.010844215
1883.126316581 82.059604081
1883.12989298 82.062750733
1883.157645129 82.130997071
1883.167760075 82.102653387
1883.185658352 82.170253032
1883.195502178 82.126893671
1883.234226061 82.169183275
1883.259432253 82.192038752
1883.279255609 82.214582985
1883.298539606 82.278758746
1883.323038032 82.253994528
1883.344439595 82.280380128
1883.391096152 82.323750996
1883.392051268 82.361194698
1883.396926125 82.379031812
1883.412483481 82.393894973
1883.455109209 82.386168698
1883.456980843 82.387664459
1883.504605797 82.445151282
1883.52276129 82.502230359
1883.525299523 82.457327812
1883.563584539 82.54087566
1883.585289923 82.51689149
1883.586767577 82.519848541
1883.633474324 82.570913802
1883.63591553 82.615048815
1883.648981309 82.579753639
1883.698890861 82.63565254
1883.716439455 82.648711325
1883.740638275 82.716702861
1883.7457399 82.681203248
1883.780430652 82.760280304
1883.782833279 82.714447994
1883.811345247 82.744479391
1883.845074596 82.825250281
1883.847797642 82.779598949
1883.893147717 82.871217377
1883.911763542 82.842159196
1883.949860017 82.887671071
1883.970798583 82.948133165
1883.97506894 82.908360731
1884.039114536 82.971745769
1884.051712432 82.992235659
1884.101656842 83.080735779
1884.104883789 83.038440479
1884.127669569 83.059260732
1884.173538384 83.105658119
1884.234949304 83.16729001
1884.239337672 83.214295368
1884.29922797 83.230690384
1884.332539217 83.273505349
1884.343162548 83.319518762
1884.364357836 83.29727861
1884.396485189 83.335234497
1884.428858798 83.360213277
1884.453526944 83.39234661
1884.457455755 83.43602976
1884.46118364 83.435410613
1884.4708912 83.402291094
1884.471777548 83.450361708
1884.497190002 83.429000955
1884.524665749 83.497298754
1884.555519708 83.487721598
1884.589146093 83.525892137
1884.591390521 83.524741364
1884.62056462 83.552618044
1884.630093532 83.563051897
1884.630349582 83.612223415
1884.636395586 83.613120149
1884.654503257 83.593465323
1884.66825206 83.600378089
1884.735131538 83.666112037
1884.752048963 83.727720225
1884.826409714 83.757155378
1884.877756159 83.860596978
1884.879294347 83.851952481
1884.887743135 83.861769608
1884.88953639 83.821391295
1884.908285908 83.843061289
1884.953542873 83.89645045
1884.956789081 83.889601185
1885.001920613 83.981899483
1885.018809741 83.951615571
1885.019748235 83.9574629
1885.059136666 84.037377839
1885.064096201 84.001093133
1885.083035257 84.021845931
1885.090116226 84.022310254
1885.130240805 84.114159758
1885.147612111 84.080235052
1885.158571579 84.100149055
1885.170748669 84.109370001
1885.208172849 84.140503272
1885.209962342 84.186795816
1885.215164952 84.147005649
1885.229167433 84.165068198
1885.27789725 84.20986983
1885.294601521 84.263723522
1885.344293556 84.275869975
1885.358000937 84.298650611
1885.374915355 84.310763745
1885.407025876 84.340083337
1885.410986899 84.385278463
1885.423880609 84.360458033
1885.464763808 84.40169564
1885.466742282 84.446952127
1885.471317354 84.403079751
1885.507915675 84.482356161
1885.557280725 84.530793459
1885.567929805 84.500264916
1885.568385281 84.507036762
1885.631715835 84.604192109
1885.632674829 84.564997684
1885.649613823 84.624293511
1885.660759439 84.600718083
1885.664089883 84.595344223
1885.666188441 84.645155868
1885.698542431 84.629294084
1885.738329562 84.678621117
1885.761439585 84.692915397
1885.762059943 84.736018382
1885.777090498 84.711985623
1885.789948958 84.76989924
1885.824956431 84.75579541
1885.828528909 84.767965497
1885.85563584 84.829103597
1885.869111253 84.853089821
1885.890269981 84.822331001
1885.890851842 84.871287365
1885.928387437 84.864893158
1885.952476812 84.883061716
1885.958518382 84.931751506
1885.992432222 84.973795613
1886.002255004 84.982541509
1886.016242064 84.948608587
1886.017684577 84.98643225000001
1886.036049158 85.009123653
1886.080696739 85.017352538
1886.083058766 85.014637414
1886.084816302 85.015575228
1886.102813793 85.078373715
1886.146779574 85.078656142
1886.147317437 85.121157041
1886.210715953 85.185371311
1886.211177815 85.143627969
1886.230642925 85.207975409
1886.273732508 85.20532492
1886.27669433 85.249306475
1886.324222839 85.296759812
1886.324968554 85.261094028
1886.326142509 85.307055835
1886.3376838 85.27610419
1886.364849682 85.338339946
1886.413865293 85.355328224
1886.428510446 85.362917447
1886.429071807 85.362337581
1886.430011636 85.407872806
1886.467753872 85.405627342
1886.507080091 85.487299321
1886.531485158 85.470447585
1886.541281191 85.484189887
1886.541386012 85.473168786
1886.542510308 85.523410402
1886.595754225 85.567963538
1886.624225467 85.604156527
1886.652840122 85.587740722
1886.653738523 85.586981233
1886.656155945 85.638815164
1886.661855961 85.634127723
1886.750446973 85.724228887
1886.779613574 85.721787298
1886.78199862 85.717474
1886.793209132 85.732245194
1886.84178521 85.826168486
1886.862387101 85.841495862
1886.899926394 85.872813625
1886.910237891 85.845112261
1886.910662889 85.844628538
1886.943843058 85.921812589
1886.965701438 85.934685116
1886.998521738 85.976713709
1887.021505672 85.958138121
1887.030991918 85.971650242
1887.05604604 86.03983027
1887.075730966 86.007869298
1887.095404993 86.030684535
1887.134571638 86.069554565
1887.159767104 86.134442094
1887.16775017 86.151541898
1887.182663462 86.115300526
1887.222704569 86.163882874
1887.22419874 86.205975249
1887.233124978 86.169181513
1887.276095772 86.249250716
1887.278195077 86.212447223
1887.280898196 86.2646285
1887.343598649 86.31269678
1887.357829003 86.29485477
1887.370502583 86.346064474
1887.390651999 86.322769278
1887.392105585 86.376446739
1887.396106848 86.368997518
1887.461236663 86.400193988
1887.469993755 86.403816457
1887.501928175 86.435116031
1887.504247078 86.483851744
1887.519017889 86.497656213
1887.525752312 86.498571342
1887.582735097 86.555908029
1887.584947737 86.557587714
1887.637136705 86.575975682
1887.650562108 86.584567589
1887.652830088 86.630801628
1887.667958546 86.647573683
1887.708156059 86.677365389
1887.71524478 86.649449482
1887.762714121 86.693754597
1887.778083818 86.758519348
1887.837097438 86.775192074
1887.890675382 86.868014407
1887.902250181 86.883636935
1887.906022894 86.843364511
1887.906381337 86.88020287
1887.912030549 86.847718268
1887.972550225 86.908714831
1888.013780743 86.987404479
1888.02387809 86.962169575
1888.024196654 86.964728812
1888.052005532 86.989396999
1888.058676319 87.040091798
1888.118672821 87.092245578
1888.136549418 87.072424367
1888.137237579 87.071774909
1888.155322345 87.133425102
1888.179473812 87.153164569
1888.229815523 87.213594054
1888.243923364 87.217609411
1888.252226835 87.188079757
1888.254891365 87.186952609
1888.270745693 87.255106374
1888.27989182 87.212428631
1888.308344593 87.280488542
1888.349758067 87.290078802
1888.370664482 87.308737591
1888.372700671 87.345448082
1888.374663873 87.310590874
1888.389754054 87.369634799
1888.408720478 87.338767669
1888.436499595 87.37256161
1888.472096198 87.445349046
1888.473492259 87.446347059
1888.486307738 87.420132143
1888.487425474 87.419887235
1888.500894714 87.470036956
1888.502463672 87.480610096
1888.535769382 87.509153152
1888.56852034 87.541286418
1888.599871859 87.534075026
1888.601038752 87.577767129
1888.606199627 87.543987482
1888.609304966 87.541649487
1888.609722479 87.592613332
1888.629259193 87.603080771
1888.664477371 87.604545157
1888.69195226 87.628137785
1888.718987146 87.655476455
1888.722348112 87.658660536
1888.724107431 87.703946691
1888.731409484 87.704887667
1888.741828159 87.717681343
1888.833966461 87.769136529
1888.835060656 87.769586365
1888.843050192 87.821710116
1888.907397726 87.843599387
1888.907790505 87.880502956
1888.9116015 87.891760879
1888.915405635 87.857959628
1888.948063217 87.881737854
1888.948324612 87.930758279
1888.959321699 87.897564734
1888.968896332 87.898854727
1888.979686759 87.951826286
1889.029266205 88.009754106
1889.033974845 87.965630702
1889.05239675 87.988625454
1889.061132349 88.045967399
1889.073921073 88.010521426
1889.089279643 88.021575296
1889.096496677 88.032593451
1889.108524227 88.046278617
1889.162096206 88.134359681
1889.173050068 88.151227186
1889.17314605 88.11501157
1889.185028929 88.126728695
1889.201949121 88.135097716
1889.225248782 88.163754938
1889.22739082 88.205660131
1889.235386977 88.209828671
1889.285480772 88.263102338
1889.289396067 88.263394472
1889.299415337 88.271367482
1889.316544661 88.249856375
1889.325789114 88.300228896
1889.354469803 88.285496542
1889.383811444 88.322250827
1889.397792523 88.375826954
1889.410041885 88.343379203
1889.418888332 88.354599332
1889.428611238 88.360454239
1889.447028068 88.386827153
1889.454261742 88.428229703
1889.4831417 88.455603756
1889.509867971 88.494267105
1889.51004588 88.48471319
1889.529440608 88.466382383
1889.541320031 88.474707445
1889.546548417 88.486777152
1889.565929356 88.545524253
1889.580509704 88.553625263
1889.612598359 88.55342528
1889.622026274 88.602246074
1889.637573546 88.570545029
1889.637693345 88.610267317
1889.654331933 88.589235888
1889.675684862 88.610167531
1889.704588512 88.677438414
1889.738438492 88.721737408
1889.742287347 88.675991616
1889.758741167 88.691915781
1889.778560926 88.712571364
1889.803256503 88.776125658
1889.868704977 88.852500274
1889.906979545 88.881417442
1889.907528761 88.84256754
1889.929745379 88.902291778
1889.958372364 88.896864963
1889.961380539 88.933742633
1889.972307913 88.949650004
1889.982555862 88.915963742
1890.025986971 88.965480263
1890.045211441 89.018460003
1890.070532445 89.04868796
1890.070586448 89.005490143
1890.076948669 89.011142129
1890.088146487 89.072125339
1890.089978546 89.062555465
1890.112600404 89.052677483
1890.156774002 89.129279574
1890.176972267 89.149845556
1890.185005378 89.15409946
1890.186561823 89.117546929
1890.204175299 89.184258697
1890.220364249 89.161096946
1890.239398678 89.172423897
1890.268260975 89.197608565
1890.270960202 89.246743949
1890.286240656 89.225819595
1890.298511695 89.23370375
1890.298910237 89.232720568
1890.304860442 89.23526826
1890.318682292 89.298242484
1890.348188531 89.322065589
1890.355147561 89.285191716
1890.376823662 89.314547817
1890.410817622 89.347060647
1890.41220522 89.342806276
1890.413440733 89.349355227
1890.414672236 89.354373551
1890.432452208 89.364631034
1890.436137031 89.420169437
1890.446065532 89.424949568
1890.492655325 89.423364387
1890.492682506 89.461507435
1890.496345608 89.425519721
1890.525705553 89.494601242
1890.529035423 89.460684885
1890.529098356 89.510948695
1890.556746976 89.486259001
1890.556793616 89.495837717
1890.561562599 89.492427701
1890.621515716 89.556859153
1890.624367956 89.555261807
1890.625215588 89.559462419
1890.654769681 89.587910058
1890.655471555 89.588628116
1890.659349261 89.637564367
1890.661809178 89.639407949
1890.6831214 89.613235836
1890.688934757 89.624474023
1890.689016155 89.618681248
1890.748493145 89.677633576
1890.769430658 89.741415854
1890.770340512 89.70124726
1890.782594929 89.760666729
1890.812970467 89.742543471
1890.813821324 89.787558716
1890.85445162 89.82357684
1890.865969843 89.839581787
1890.884225534 89.866982219
1890.887071167 89.818526197
1890.912291851 89.846489457
1890.914605234 89.849044763
1890.922663132 89.895796271
1890.941958476 89.872577203
1890.979141183 89.912092532
1890.992560238 89.961697622
1890.995847266 89.97635985
1891.007297854 89.936373701
1891.022271181 90.002795768
1891.025348518 89.9979068
1891.042891153 89.978843196
1891.057563464 89.997089903
1891.073434239 90.002845918
1891.078449413 90.013233351
1891.108279573 90.043091843
1891.108754944 90.091379312
1891.118688574 90.060751839
1891.135417114 90.065531418
1891.139747851 90.11239639
1891.174345965 90.109390459
1891.186979657 90.122805689
1891.187390062 90.119370739
1891.217201049 90.147321134
1891.227510628 90.205689436
1891.238145739 90.211028831
1891.242202775 90.179129173
1891.251995055 90.185801214
1891.252863378 90.231132787
1891.298595489 90.235237197
1891.299433299 90.229422029
1891.304443562 90.244872641
1891.331789119 90.265716013
1891.362702132 90.292358851
1891.363392444 90.303594138
1891.364139832 90.344478019
1891.36777665 90.296822512
1891.379259898 90.316221825
1891.427879454 90.358001278
1891.428821697 90.36508514
1891.431642078 90.400648922
1891.442630607 90.377140266
1891.477077129 90.454989074
1891.479222262 90.462563545
1891.488840667 90.427876054
1891.495802784 90.426308166
1891.496908078 90.470225941
1891.499312734 90.432384386
1891.556534156 90.49026765
1891.558184007 90.488513007
1891.558680582 90.530843019
1891.571706426 90.505126162
1891.589492803 90.571481575
1891.603150576 90.537393102
1891.620535071 90.559928852
1891.62067089 90.5508642
1891.625566813 90.564296772
1891.668426983 90.601339036
1891.673218382 90.649814912
1891.685538681 90.623819734
1891.685824663 90.615452119
1891.689217407 90.63126017
1891.704705455 90.683323234
1891.714835639 90.647906342
1891.765181598 90.694948545
1891.780231684 90.718778624
1891.795953377 90.728300041
1891.811379205 90.744919954
1891.813493442 90.750185541
1891.848774097 90.829214063
1891.866604584 90.847579111
1891.908061073 90.849655427
1891.911575754 90.845577608
1891.915588716 90.85356029
1891.919589074 90.848731323
1891.949353348 90.884428679
1891.963063414 90.893468649
1891.976314997 90.954597908
1891.976476088 90.945196339
1891.976669083 90.906863897
1892.026641432 90.961081875
1892.031833496 91.013505498
1892.0384733 90.974124409
1892.03854878 90.967898034
1892.052631504 90.988859383
1892.072755875 91.004834515
1892.088756707 91.069890769
1892.091598128 91.065079717
1892.102252323 91.07551376
1892.102327274 91.032955877
1892.151230201 91.090895896
1892.152722665 91.082766267
1892.155761924 91.093286338
1892.181747106 91.117274729
1892.18493597 91.116403741
1892.211578556 91.141647035
1892.212436418 91.187146515
1892.215349588 91.145740832
1892.227916141 91.209313564
1892.27187863 91.201967884
1892.272481824 91.211179157
1892.274794313 91.213676763
1892.299060166 91.235871163
1892.300005614 91.236998729
1892.340162791 91.269237089
1892.341307229 91.314201377
1892.345713614 91.279935738
1892.400925513 91.330088086
1892.400957819 91.33982285
1892.40508341 91.339497091
1892.408898089 91.386716791
1892.411104142 91.344669662
1892.411957807 91.345622397
1892.478453341 91.407327505
1892.479751895 91.418006704
1892.482688368 91.411755223
1892.542476917 91.476145066
1892.542562965 91.516503757
1892.543261459 91.47401962
1892.543731254 91.472938534
1892.546968924 91.485724764
1892.577892164 91.556722192
1892.614288885 91.543417102
1892.616413876 91.590162593
1892.619680894 91.549692421
1892.653482244 91.586467636
1892.65434592 91.589598846
1892.678470723 91.608497896
1892.681006077 91.655419415
1892.682871252 91.618277577
1892.742492691 91.67193409
1892.752284269 91.688195534
1892.765962054 91.703286639
1892.771202364 91.744546998
1892.773053211 91.707538521
1892.807792029 91.738692753
1892.881932163 91.818524736
1892.896367427 91.832164549
1892.898489013 91.836389165
1892.903163118 91.845466661
1892.924824955 91.855256754
1892.944026096 91.883968428
1892.956798888 91.888624965
1892.969494228 91.943063253
1892.984907787 91.915307446
1892.997032212 91.975239766
1893.02188952 91.963293144
1893.032831481 91.971521958
1893.049294463 91.978949859
1893.054354291 91.990457522
1893.086831865 92.021178267
1893.098960792 92.03897421
1893.114910853 92.045290709
1893.131934807 92.065520649
1893.149362691 92.090126843
1893.162125812 92.099130821
1893.168421492 92.141062954
1893.18009053 92.109175089
1893.213373564 92.182513407
1893.226343889 92.162692276
1893.241756792 92.174929893
1893.242511935 92.171697758
1893.245825151 92.219187435
1893.279351327 92.248272213
1893.286541076 92.222209578
1893.290605221 92.262874598
1893.317827415 92.246843014
1893.357529189 92.331884504
1893.361428997 92.294972897
1893.380858102 92.31617273
1893.39506844 92.328468596
1893.410455444 92.391902139
1893.413136135 92.386297435
1893.416738828 92.34703025
1893.479146879 92.452854494
1893.481673512 92.411311545
1893.493547812 92.42922802
1893.510492519 92.444294089
1893.797716452 92.772592033
1893.826919494 92.805531621
1893.838909823 92.776152964
1893.858498064 92.793038583
1893.907762766 92.882221356
1893.909890539 92.848049266
1893.921011527 92.855206594
1893.94330798 92.875075381
1893.963315978 92.943540595
1893.971418162 92.945120598
1893.975555755 92.949012568
1894.131907089 93.068858594
1894.136488376 93.07276423
1894.139307596 93.074732515
1894.221592437 93.153204949
1894.366617555 93.308298908
1894.370415003 93.344339591
1894.427273733 93.365408336
1894.554383924 93.486449356
1894.622071487 93.601244724
1894.746362856 93.682226668
1894.809895047 93.749405846
1894.812474595 93.744833324
1894.848014044 93.780198959
1894.907809346 93.881334218
1894.910024948 93.841083418
1894.914092024 93.886253396
1894.996703142 93.969115136
1895.041682939 94.015140898
1895.047313341 93.977698106
1895.088108819 94.019512327
1895.112939237 94.050531487
1895.113339529 94.05193592
1895.116119303 94.089238869
1895.174273766 94.103356167
1895.177751578 94.117903392
1895.197089948 94.129125331
1895.227390213 94.163500616
1895.233142262 94.208513309
1895.244046153 94.178071554
1895.291938049 94.222854661
1895.310662947 94.284027279
1895.374800804 94.343551491
1895.402940484 94.334278405
1895.406301177 94.385392011
1895.437850995 94.372065423
1895.499775406 94.43463451
1895.519491783 94.45675775
1895.566213917 94.497805645
1895.630065408 94.568844123
1895.630471705 94.563824187
1895.69319318 94.626080712
1895.742541499 94.674592663
1895.855682561 94.790224195
1895.856075806 94.7955497
1895.917887248 94.85327954
1895.980942586 94.953228222
1896.044408677 94.984219916
1896.08443218 95.018112955
1896.108423298 95.043437471
1896.173978774 95.108916767
1896.196718064 95.129326109
1896.249702902 95.183335289
1896.462064653 95.394194645
1896.485498405 95.417111723
1896.52585279 95.46850023
1896.59084399 95.559704101
1896.601719845 95.53775076
1896.652970019 95.58559875
1896.717376707 95.647974214
1896.729348392 95.665976183
1896.783444543 95.72440344
1896.843763707 95.778597073
1896.916521143 95.848807215
1896.973537169 95.911457839
1897.037713248 96.01168905
1897.08011397 96.017342319
1897.103584056 96.035099191
1897.168876044 96.099289983
1897.210751819 96.144976456
1897.231424241 96.163556468
1897.237447289 96.212792867
1897.296858743 96.229445694
1897.323312848 96.255279765
1897.359804851 96.333412536
1897.387524037 96.360808869
1897.425109369 96.356511942
1897.436185384 96.369875093
1897.488755797 96.469522485
1897.488864361 96.429035742
1897.536615476 96.472452537
1897.555898944 96.485469833
1897.599799992 96.576018147
1897.627566307 96.563228611
1897.650059087 96.584002808
1897.694782671 96.628790946
1897.742389552 96.725060106
1897.76166713 96.695484042
1897.858816917 96.795835969
1897.886298679 96.820531797
1897.905869504 96.887526169
1897.917124149 96.853018368
1897.982013009 96.914926549
1898.017869838 96.992255345
1898.054010485 96.988940266
1898.09700842 97.032748746
1898.118321735 97.05318396
1898.181961767 97.116167655
1898.210876204 97.141799198
1898.239274619 97.171624876
1898.240114248 97.221828378
1898.31346823 97.247298414
1898.339709113 97.275643593
1898.3626467 97.291582181
1898.416641768 97.385789592
1898.424300378 97.397212532
1898.452204058 97.386751868
1898.469719814 97.442829322
1898.481823246 97.419440308
1898.518857356 97.4940134
1898.536417578 97.470915669
1898.565847955 97.49719104
1898.652939996 97.586786363
1898.714147966 97.696698401
1898.719559459 97.651309418
1898.738920455 97.671424196
1898.783399518 97.758379284
1898.822186636 97.756710201
1898.825700834 97.804080187
1898.907101721 97.84365389
1898.920075541 97.902527029
1898.947684175 97.881092153
1898.967847199 97.906068352
1899.024310457 98.005597864
1899.031718114 97.972875427
1899.087330463 98.016480647
1899.096698277 98.028843987
1899.105801568 98.048992937
1899.126829928 98.057803163
1899.159411251 98.133397623
1899.212787185 98.154083052
1899.224146181 98.167290881
1899.22906187 98.161279321
1899.242335859 98.220653563
1899.287159157 98.223075664
1899.324773535 98.262457678
1899.340512711 98.272554489
1899.351200054 98.323752874
1899.428930459 98.404761002
1899.431763261 98.372987537
1899.456349473 98.39012373
1899.457311028 98.392923345
1899.495342667 98.435180963
1899.560197788 98.501911288
1899.560508261 98.492895177
1899.561287297 98.503175362
1899.581079783 98.513411406
1899.61040841 98.591803536
1899.624550651 98.555599759
1899.677606497 98.610749011
1899.686529468 98.62037868
1899.689897911 98.619544689
1899.720858076 98.699445692
1899.753306415 98.687810137
1899.776222734 98.710463583
1899.797766716 98.727934547
1899.799420735 98.736721387
1899.835458122 98.812293283
1899.890818648 98.827834331
1899.899635886 98.828708475
1899.923238423 98.853910252
1899.960942055 98.896006627
1899.992965761 98.969596813
1900.02473506 98.96612139
1900.034708096 98.965530998
1900.041813362 98.970782832
1900.060829791 98.992547675
1900.071598871 99.051481536
1900.089837702 99.021303318
1900.104849043 99.03580436
1900.154544511 99.094587416
1900.165099869 99.095495602
1900.185480206 99.119099588
1900.218387209 99.151982823
1900.233496153 99.206876273
1900.275709334 99.252970435
1900.281586836 99.212254014
1900.281792748 99.25551564
1900.3067 99.239491696
1900.344792606 99.279247764
1900.356077933 99.28989378
1900.369147413 99.298658692
1900.410705566 99.382974195
1900.418089474 99.35555612
1900.452226221 99.431336234
1900.467884021 99.440737902
1900.474854726 99.449257643
1900.479986905 99.410482742
1900.522771233 99.453681646
1900.554533191 99.489409788
1900.573968535 99.550081888
1900.605035122 99.586443594
1900.611203453 99.540786242
1900.619698473 99.552349376
1900.636502408 99.567859255
1900.681595934 99.655000899
1900.683939259 99.657565797
1900.727859106 99.659691776
1900.729597555 99.661682648
1900.78286294 99.758546304
1900.834834782 99.769060705
1900.837618591 99.771569462
1900.838377235 99.768156611
1900.856159285 99.792945257
1900.931999436 99.904777669
1900.947295623 99.880175232
1900.957402573 99.886836882
1900.957488732 99.933559215
1900.974542299 99.904806835
1900.996245294 99.926528627
1901.062616096 99.993979397
1901.063434697 99.995819256
1901.073824296 100.006700098
1901.099496664 100.031784308
1901.12683696 100.068406142
1901.174900073 100.107100514
1901.175293209 100.151179274
1901.190992497 100.125842384
1901.203630977 100.133974619
1901.237438799 100.21468854
1901.255771796 100.186270228
1901.284840261 100.219148558
1901.287144478 100.229109588
1901.316389355 100.248235954
1901.31821254 100.249546428
1901.371404911 100.349236951
1901.400428314 100.341882538
1901.400807571 100.334111373
1901.4020279 100.330873176
1901.429442726 100.36049117
1901.462973035 100.397229276
1901.492378071 100.470661371
1901.512079745 100.44286855
1901.514414515 100.445263721
1901.526697463 100.466251876
1901.543915651 100.475212079
1901.591369511 100.527619768
1901.622890567 100.601150109
1901.623461174 100.558263116
1901.62434974 100.598184184
1901.654755231 100.592598434
1901.656224211 100.586192744
1901.725002619 100.658769231
1901.746710855 100.679270708
1901.748993863 100.722900357
1901.765834237 100.696612047
1901.776276327 100.705393576
1901.849011206 100.782969019
1901.867609809 100.841936333
1901.870217093 100.800194905
1901.898371137 100.836833489
1901.906965955 100.83830308
1901.932853544 100.865667658
1901.958025687 100.887435404
1901.973520222 100.904806472
1901.992125674 100.930158554
1902.006838759 100.985748029
1902.018126168 100.951821704
1902.024388373 100.958231771
1902.038272615 100.968936809
1902.05509296 100.985360199
1902.087456642 101.017874883
1902.10043933 101.032572677
1902.123035516 101.097498169
1902.12522059 101.056285929
1902.151061269 101.082781761
1902.166564343 101.096561664
1902.167380372 101.096487962
1902.215488878 101.1542571
1902.231165967 101.211058298
1902.237787981 101.171804998
1902.238568079 101.168559334
1902.249986981 101.186916691
1902.278579146 101.209670381
1902.283368985 101.212487786
1902.292909118 101.223987587
1902.34295016 101.275535408
1902.348224921 101.287504818
1902.355895659 101.286973158
1902.361268947 101.334809343
1902.3663032 101.299132032
1902.393841377 101.324534301
1902.407204617 101.338039913
1902.420905132 101.354912389
1902.460738468 101.394002176
1902.461073099 101.394751194
1902.475996416 101.409036063
1902.481894185 101.413980254
1902.491171079 101.468770176
1902.50688301 101.437899215
1902.518099766 101.459354764
1902.546908514 101.48180464000001
1902.575027112 101.509544945
1902.58298303 101.557277666
1902.589050584 101.525549811
1902.604921699 101.580307194
1902.610494251 101.542308442
1902.61995453 101.550653391
1902.64572721 101.585512403
1902.682176382 101.61501106
1902.691261637 101.666224168
1902.704072837 101.635833615
1902.723922882 101.657227299
1902.734918706 101.667712012
1902.73502053 101.708289677
1902.838112217 101.811931921
1902.84050581 101.772807544
1902.861874499 101.843121755
1902.886778768 101.821808743
1902.906111512 101.840362663
1902.909447704 101.841378648
1902.91253353 101.843880803
1902.938997649 101.875156728
1902.959946892 101.896368947
1902.967184093 101.900069948
1903.003346631 101.97687056
1903.029711193 101.959772448
1903.041239305 102.023730861
1903.068172791 102.005714351
1903.081012252 102.013854739
1903.094896857 102.025908152
1903.13097307 102.065170662
1903.158264006 102.092289812
1903.164984844 102.094755027
1903.168418888 102.108901839
1903.19540961 102.126692052
1903.224684227 102.155460855
1903.24161937 102.219642996
1903.262059337 102.234687822
1903.277402527 102.210675874
1903.288238298 102.218831245
1903.289619457 102.219403253
1903.291157743 102.264840416
1903.325390911 102.294160616
1903.353749669 102.330129813
1903.356807214 102.288890691
1903.391174597 102.330000979
1903.415969984 102.348599067
1903.416086661 102.34619534
1903.418660218 102.349689148
1903.420156322 102.355179904
1903.453238896 102.391448093
1903.471130717 102.451661576
1903.479844609 102.41394727
1903.518233303 102.455191444
1903.528611348 102.461667639
1903.528686793 102.459659162
1903.530507227 102.464295452
1903.532585458 102.50842702
1903.58199506 102.518475545
1903.592290623 102.521679273
1903.611404516 102.592901262
1903.644651864 102.577809349
1903.657855033 102.591537772
1903.661369642 102.593751917
1903.662529132 102.596489194
1903.672101874 102.603571578
1903.724315674 102.705176378
1903.725141252 102.658030037
1903.785697626 102.720566797
1903.786996798 102.719547554
1903.83866426 102.816019576
1903.856916963 102.793109927
1903.88115793 102.811880057
1903.886366295 102.861703182
1903.886650545 102.816302935
1903.893883738 102.823624189
1903.908235655 102.839854214
1903.934442094 102.911678855
1903.949964062 102.879730354
1903.971546488 102.901914553
1903.994962128 102.928965109
1904.001571038 102.930744036
1904.013548252 102.947240773
1904.03669464 102.965861052
1904.065476299 103.038964382
1904.080511465 103.010276476
1904.099955655 103.038067071
1904.161085412 103.092363171
1904.166743469 103.095835515
1904.225437456 103.154662321
1904.229541652 103.161390977
1904.268159995 103.242054945
1904.322781242 103.25327831
1904.333275771 103.268208358
1904.368224377 103.346259428
1904.380882271 103.313869265
1904.391251519 103.323873663
1904.443419252 103.385325584
1904.456304275 103.385914363
1904.479485279 103.4528705
1904.512069396 103.448500185
1904.519420597 103.451538915
1904.572725736 103.505343159
1904.586403622 103.51861752
1904.597560761 103.571344259
1904.635742156 103.57201143
1904.669388567 103.598984005
1904.700999821 103.674677506
1904.741046094 103.716018417
1904.765566383 103.695119967
1904.800371869 103.733393258
1904.908280333 103.841629948
1904.960002118 103.936359972
1904.974308285 103.913142694
1905.006209311 103.937265908
1905.037345185 103.973658651
1905.080832632 104.016392204
1905.119151558 104.051990263
1905.146631426 104.081502039
1905.180066255 104.109118961
1905.241261771 104.21806345
1905.274921811 104.210677912
1905.279236693 104.212483579
1905.372097124 104.302445873
1905.375240017 104.309468554
1905.384878603 104.365222641
1905.418426359 104.347991221
1905.418843368 104.352203027
1905.421126097 104.357197558
1905.434712892 104.365782481
1905.440693458 104.37173719
1905.502405907 104.432410169
1905.508461025 104.441720348
1905.562581947 104.496000117
1905.563044551 104.495943684
1905.565455855 104.505480715
1905.57934221 104.513581924
1905.583131335 104.515087727
1905.608586132 104.58536932
1905.674679341 104.607994274
1905.679774959 104.612139218
1905.710490446 104.641565958
1905.712595047 104.642684879
1905.733496619 104.663612337
1905.800957268 104.73412291
1905.837481821 104.766628005
1905.837554946 104.773102945
1905.858303257 104.788985219
1905.903602835 104.833242625
1905.919917089 104.897806728
1905.924559569 104.857560768
1905.935752341 104.877539053
1905.973908384 104.906762929
1905.979755505 104.912328402
1906.01632131 104.946308025
1906.059480348 104.990520699
1906.063038437 104.991881723
1906.071004869 105.001766366
1906.097608291 105.029378765
1906.113000713 105.047550066
1906.124312545 105.055929717
1906.160772276 105.090169458
1906.176297101 105.105453329
1906.178672061 105.109305215
1906.189237689 105.123222868
1906.245547475 105.175839766
1906.249618272 105.185292786
1906.272052307 105.248679417
1906.293196893 105.226012861
1906.295436972 105.226335602
1906.305542805 105.23467352
1906.306645102 105.239999209
1906.36586417 105.297539448
1906.37522019 105.347572457
1906.423952082 105.355305418
1906.426373341 105.401365439
1906.427830461 105.362743628
1906.434936717 105.370529768
1906.495731351 105.431649224
1906.498899511 105.479112346
1906.500967733 105.433624539
1906.53595843 105.466592618
1906.538752398 105.478296829
1906.560857501 105.492473546
1906.566797768 105.500055851
1906.62502506 105.602883256
1906.625895684 105.556236397
1906.629925709 105.562826921
1906.649507354 105.581890684
1906.650573936 105.584823795
1906.690305571 105.62408107
1906.694765916 105.668257291
1906.75986558 105.696001061
1906.762044797 105.693394514
1906.777455316 105.710833263
1906.813763935 105.792478329
1906.892649821 105.828080862
1906.895122104 105.86894093
1906.896962146 105.831818449
1906.906222713 105.836079625
1906.951767701 105.884836192
1906.954811489 105.884567056
1906.96683935 105.899445686
1906.967666311 105.941245306
1907.006281441 105.943034978
1907.011814624 105.941399586
1907.030184184 105.962786611
1907.074081761 106.007429196
1907.08147293 106.054963323
1907.089478363 106.021244725
1907.09697383 106.070484749
1907.118580543 106.091470415
1907.137296548 106.068084305
1907.157718559 106.09427703
1907.194882363 106.125696003
1907.201583781 106.136668066
1907.220573656 106.192932006
1907.230382866 106.16325077
1907.244683285 106.221157413
1907.265595278 106.195692842
1907.285095015 106.220683982
1907.306698272 106.238800605
1907.32798695 106.262511232
1907.342036699 106.271152997
1907.348704328 106.281339547
1907.384586266 106.364215812
1907.39385466 106.325336607
1907.420048657 106.35676794
1907.421587227 106.353825711
1907.454518673 106.386808411
1907.457666683 106.389019183
1907.478597674 106.45094494
1907.521840597 106.454021867
1907.532527482 106.46157773
1907.542277674 106.52268862
1907.544503465 106.516713416
1907.567953715 106.500543808
1907.585509601 106.51486391
1907.606581491 106.540806777
1907.646018144 106.577838043
1907.652770297 106.585779976
1907.668927917 106.602621765
1907.679185508 106.655266578
1907.689693936 106.665908577
1907.734937815 106.66808549
1907.762296163 106.694890136
1907.790407093 106.770762486
1907.793026573 106.722131952
1907.868692765 106.804162494
1907.899264847 106.830347767
1907.903148512 106.878098777
1907.937562804 106.868561073
1907.94168117 106.878500722
1907.942728742 106.878037686
1907.948826873 106.885025915
1907.969008305 106.902680116
1908.006859967 106.948273425
1908.01539784 106.988079458
1908.034090601 106.963230492
1908.052145984 106.988030151
1908.059578114 106.988692512
1908.070094435 107.008723399
1908.097879903 107.027645446
1908.134615269 107.071451339
1908.168220274 107.102489532
1908.179116791 107.109495373
1908.181916207 107.157277694
1908.202718011 107.142596464
1908.230028218 107.159175264
1908.231971483 107.210271618
1908.266536908 107.201744151
1908.292579177 107.223664517
1908.29337408 107.227207495
1908.297258723 107.226658435
1908.357841037 107.290999463
1908.362016105 107.334662423
1908.405738467 107.337192146
1908.407420057 107.337515269
1908.413699449 107.346576584
1908.419896001 107.350293948
1908.422676405 107.402843422
1908.477198139 107.406649964
1908.482973576 107.413702688
1908.516742604 107.447699831
1908.51980046 107.49603931
1908.532294397 107.515105458
1908.543093947 107.475674349
1908.546639592 107.481329632
1908.597479003 107.530378924
1908.601467426 107.53141983
1908.632820627 107.564657899
1908.634703099 107.610519705
1908.645354548 107.624268771
1908.665407663 107.594511262
1908.666483705 107.640347942
1908.735076795 107.675353646
1908.744273267 107.673314017
1908.764612363 107.746778804
1908.775567536 107.71733312
1908.81482056 107.74460256
1908.861310089 107.794863254
1908.89439175 107.826340498
1908.906836214 107.882662569
1908.916503095 107.858022635
1908.917873561 107.848158455
1908.975571995 107.90848218
1908.980798212 107.913893804
1909.005552432 107.974727669
1909.013643137 107.994505429
1909.018868374 107.949553595
1909.024566832 107.954920336
1909.038545741 107.971510086
1909.042714214 108.015582165
1909.110247113 108.048418589
1909.117694801 108.092074084
1909.130220572 108.059338245
1909.147318022 108.076918026
1909.178363567 108.107913424
1909.231376346 108.213769065
1909.233756449 108.164174336
1909.242513221 108.177562101
1909.251681135 108.18271858
1909.260790923 108.192894851
1909.306728665 108.240085835
1909.341559134 108.315329753
1909.356474248 108.288800755
1909.371913595 108.301488608
1909.372043227 108.313290741
1909.437813705 108.379345604
1909.455301804 108.424281411
1909.470331855 108.399953777
1909.496936188 108.427771221
1909.500351523 108.440821115
1909.576293326 108.509699564
1909.612950609 108.544018338
1909.613322415 108.54664858
1909.639737076 108.580152242
1909.653108294 108.582164703
1909.703928632 108.638390426
1909.719793993 108.650148415
1909.723066921 108.658344228
1909.778538039 108.712375469
1909.787436831 108.765397373
1909.840049548 108.770782234
1909.90845535 108.837815982
1909.908576749 108.840427114
1909.951041219 108.92474807400001
1909.957703094 108.894480164
1909.96019724 108.890185151
1910.004265063 108.93424622
1910.015657403 108.946628528
1910.024641142 108.960247154
1910.06920373 109.010684052
1910.087672387 109.018766847
1910.113404174 109.093637965
1910.126866958 109.057557996
1910.127424427 109.058015376
1910.169104384 109.14171908
1910.196712479 109.169558356
1910.231895942 109.204773723
1910.239918317 109.17373649
1910.24142184 109.172821056
1910.313142299 109.285811187
1910.317845129 109.290376734
1910.347794258 109.276705296
1910.348064902 109.277224079
1910.37474589 109.311948499
1910.425658629 109.402950362
1910.429833842 109.361507774
1910.440647292 109.413482188
1910.459228441 109.392294844
1910.459546824 109.389631696
1910.522349432 109.454152105
1910.584884913 109.518901708
1910.586183401 109.517198515
1910.587469178 109.52054485
1910.59018049 109.531616013
1910.597126838 109.578949731
1910.6485761 109.583569057
1910.700415474 109.634898096
1910.70050752 109.630919659
1910.71179087 109.680910715
1910.779935689 109.7163194
1910.794954098 109.728529257
1910.901563092 109.83259733
1910.906690854 109.836299887
1910.913445664 109.888608983
1910.952795475 109.884112036
1910.966675727 109.895799353
1911.008620164 109.940127289
1911.017076719 109.991033033
1911.031839203 109.967787343
1911.041805406 109.971828838
1911.046551038 109.977409385
1911.08121326 110.013795649
1911.094774358 110.070353515
1911.123003656 110.058023637
1911.138912711 110.068334853
1911.145519597 110.074373103
1911.187698248 110.118180693
1911.235317455 110.168332609
1911.243884599 110.2178975
1911.249154653 110.180525443
1911.307403897 110.241010675
1911.349074997 110.281217762
1911.364454141 110.29681182
1911.371773829 110.301170511
1911.437152318 110.379104405
1911.476050587 110.406887875
1911.501666162 110.433424288
1911.516956434 110.446959337
1911.580369553 110.517579188
1911.598902485 110.533399385
1911.614381233 110.54448557
1911.649611893 110.624058877
1911.712486986 110.647219173
1911.727346272 110.658096302
1911.780837656 110.756534426
1911.898953816 110.828683659
1911.903599132 110.833783635
1911.932609573 110.911625218
1911.948423179 110.878380676
1911.949708027 110.881895721
1912.01243575 110.985578163
1912.015874077 110.950878517
1912.075905765 111.00528834
1912.079010969 111.008622641
1912.133053552 111.064724171
1912.140118401 111.113218018
1912.178215954 111.109208458
1912.20451248 111.179596167
1912.24579915 111.179793571
1912.269969003 111.244665812
1912.297515975 111.229637451
1912.333320525 111.26463854
1912.35735326 111.289294869
1912.397038101 111.326241858
1912.405896606 111.336210797
1912.462984669 111.394277365
1912.487937676 111.418913114
1912.51700417 111.448255938
1912.528997331 111.505793145
1912.5548258 111.53060691
1912.593322409 111.525280107
1912.596887653 111.526431911
1912.631303056 111.562767128
1912.657484487 111.597871522
1912.726146422 111.701766941
1912.745814668 111.675888568
1912.765472696 111.695648273
1912.846651898 111.820222704
1912.909378982 111.840382321
1912.915305564 111.89175117
1912.964794314 111.896454485
1913.021101524 111.951871281
1913.026132432 111.963445923
1913.058641226 111.990420702
1913.064960605 111.994058248
1913.105367068 112.079638397
1913.10615268 112.08429518
1913.134591616 112.067871368
1913.16911013 112.098743309
1913.170285729 112.144221857
1913.226081343 112.199640716
1913.24883821 112.179597293
1913.265542215 112.198110287
1913.290494605 112.226674284
1913.298015907 112.279523054
1913.358172329 112.289756972
1913.37599197 112.305622143
1913.377458656 112.310718693
1913.422586524 112.356182817
1913.471777296 112.44503866
1913.484953997 112.426851306
1913.4996868 112.431359594
1913.548759641 112.483295744
1913.609452888 112.53901183400001
1913.612988015 112.544323382
1913.683703264 112.660050551
1913.706987464 112.639592791
1913.775103511 112.750446971
1913.895806712 112.869256114
1913.905009249 112.886250752
1913.910125035 112.83976424
1913.962612722 112.904360708
1914.025553418 113.001139762
1914.036296285 112.966991801
1914.175889809 113.15023265
1914.501000649 113.475704921
1914.505517844 113.439255989
1914.514297411 113.44408311
1914.588312655 113.523295952
1914.641581419 113.572613577
1914.681450744 113.656641245
1914.681542322 113.661435537
1914.829584984 113.760861495
1914.907704283 113.882031938
1914.917937014 113.855451277
1914.939463569 113.914705703
1915.067642464 113.997821364
1915.081720881 114.015002445
1915.188165566 114.117301463
1915.188890644 114.16879553
1915.195174518 114.126144967
1915.47546931 114.405742885
1915.500489441 114.431129947
1915.53964256 114.473027636
1915.605961766 114.545049478
1915.612462299 114.542234007
1915.667652454 114.646535534
1915.723392957 114.653369705
1915.837143534 114.768906828
1915.88194948 114.81414818
1915.889058851 114.862954283
1915.941771597 114.881340001
1916.006388584 114.941184212
1916.073736886 115.003322137
1916.073990972 115.009492332
1916.079899625 115.009101425
1916.082308114 115.060972278
1916.129787517 115.062709342
1916.176262529 115.106341736
1916.192113749 115.164768221
1916.228057592 115.21066413
1916.272464001 115.246480332
1916.303368125 115.235692983
1916.335642522 115.273095948
1916.36213646 115.34485735
1916.400345129 115.375061171
1916.415012079 115.347626436
1916.464864447 115.402780112
1916.474634376 115.454667668
1916.528309147 115.501406809
1916.592809507 115.522562217
1916.594805954 115.569019829
1916.657299731 115.592266953
1916.706023896 115.687777842
1916.844506015 115.818102715
1916.862997952 115.843432305
1916.962679268 115.936912912
1916.986827855 115.965973323
1917.026120427 116.001071073
1917.090467752 116.026772187
1917.154259779 116.090008543
1917.217466257 116.190672289
1917.226361232 116.20445432
1917.281080334 116.223180768
1917.327050264 116.309476051
1917.345899626 116.287114565
1917.409619463 116.385809968
1917.468548222 116.44462264
1917.473392665 116.416101749
1917.475920571 116.404976482
1917.537251547 116.511960301
1917.602290623 116.535467319
1917.626362281 116.600000515
1917.667745458 116.601073642
1917.769920542 116.744561923
1917.888783313 116.862979922
1917.894663086 116.824319784
1917.895721513 116.827485755
1918.114395825 117.050448002
1918.176484642 117.109541927
1918.234661208 117.2167031
1918.241205003 117.177057111
1918.296724217 117.23578142
1918.359906378 117.301983196
1918.423153549 117.398753396
1918.495576948 117.468455941
1918.498294229 117.47202173
1918.576703378 117.509581497
1918.625360146 117.600999709
1918.645978731 117.576030771
1918.766902121 117.745707324
1918.843396332 117.776956726
1918.960381351 117.892428032
1918.966426629 117.946723214
1919.066846306 117.997924051
1919.130523774 118.106330958
1919.211197408 118.183399843
1919.230579549 118.204314997
1919.281881116 118.258030042
1919.473163031 118.445666161
1919.487811408 118.469672173
1919.558970979 118.53209769
1919.773527876 118.74975125
1919.896799027 118.87219897
1919.903712492 118.832763706
1919.923215386 118.900446102
1919.951315217 118.926619118
1920.015064533 118.987758228
1920.03818329 119.014014448
1920.102475548 119.078652992
1920.185097451 119.118342792
1920.186575548 119.164459879
1920.28095547 119.254035699
1920.33583413 119.316305186
1920.361787796 119.29117874
1920.429003993 119.40156842
1920.506946005 119.441461482
1920.561206125 119.537065379
1920.611803475 119.546310744
1920.752918827 119.726780121
1920.786680896 119.761392424
1920.847851192 119.822297333
1920.905115735 119.87956929
1920.972358028 119.951467168
1920.980690666 119.917702138
1921.028345124 119.959210282
1921.090610453 120.025798993
1921.180181042 120.115118047
1921.231876645 120.20991273
1921.255581061 120.192748886
1921.320277693 120.295236634
1921.383309626 120.359188028
1921.405291146 120.381089742
1921.445093666 120.377320425
1921.493968611 120.425369729
1921.517516785 120.499848852
1921.557893767 120.531255305
1921.621697529 120.558673267
1921.637427611 120.617497354
1921.775533617 120.752076266
1921.779519407 120.751860997
1921.898455305 120.837120126
1921.912672754 120.894751352
1921.957392372 120.892637339
1922.021532223 120.996176919
1922.026234445 121.002666851
1922.086197714 121.02023215
1922.149444196 121.087372306
1922.186746457 121.17077759
1922.212526118 121.150975984
1922.278263497 121.251892471
1922.326479319 121.310221551
1922.340435992 121.274974086
1922.405899638 121.382384789
1922.476344067 121.406759236
1922.493470246 121.471514376
1922.555431234 121.5304165
1922.620720579 121.560830627
1922.65078454 121.628642482
1922.704572695 121.63857096
1922.815938461 121.794635041
1922.84969888 121.818811785
1922.96719399 121.899824507
1923.020176005 121.993383219
1923.083982303 122.014488185
1923.147404997 122.083832559
1923.212806957 122.188903505
1923.275605977 122.251229946
1923.358761009 122.336083985
1923.419383466 122.350868225
1923.48349146 122.415259943
1923.548758203 122.523931148
1923.612594067 122.542172599
1923.88472823 122.820345014
1923.886750847 122.820738382
1923.943815011 122.918966741
1924.014167658 122.986815092
1924.093029447 123.029554383
1924.157046268 123.092317428
1924.216664654 123.146170492
1924.283374663 123.220332246
1924.347602084 123.322735168
1924.413278439 123.351240944
1924.478923849 123.455032115
1924.541268071 123.472132638
1924.605427432 123.542099049
1924.672065275 123.606838426
1924.739681818 123.71628796
1924.967446906 123.901077976
1924.968029455 123.936938103
1925.022535077 123.997495992
1925.086109845 124.060389763
1925.184690635 124.1222718
1925.289222616 124.261980928
1925.354400461 124.286993969
1925.419770605 124.359760161
1925.48428081 124.423203069
1925.546857454 124.523013621
1925.610830483 124.541224616
1925.88254576 124.859133045
1925.889630568 124.821685284
1925.95392611 124.887581771
1926.019356689 124.953112104
1926.091308233 125.030096082
1926.147189084 125.077839217
1926.211439832 125.141158553
1926.275561818 125.2105684
1926.339311787 125.270295662
1926.403252979 125.377940348
1926.468113601 125.401171904
1926.531477071 125.467267637
1926.593708448 125.526886926
1926.65493818 125.584085437
1926.665720247 125.604671781
1926.791389464 125.721433402
1926.924310703 125.854340807
1926.960289758 125.935262921
1926.961235606 125.891210021
1927.007938425 125.938319448
1927.013782078 125.94710302
1927.077610832 126.051869181
1927.139892527 126.076831179
1927.204861769 126.135960832
1927.250437678 126.180091495
1927.268711112 126.237657069
1927.332011296 126.267935372
1927.396649514 126.331160764
1927.461093009 126.391974644
1927.486785964 126.416850391
1927.52503265 126.494053872
1927.576823192 126.507010162
1927.589573181 126.56172854
1927.710124393 126.640077554
1927.776283844 126.707371881
1927.814805526 126.744799593
1927.901782908 126.840707103
1927.952371548 126.881500617
1927.962044016 126.936348199
1928.025384134 126.961896028
1928.073378076 127.045706589
1928.13776168 127.074168764
1928.195867349 127.13427873
1928.198881575 127.128501349
1928.252376867 127.227009016
1928.316760655 127.247669469
1928.381371519 127.312393726
1928.444375109 127.374964906
1928.444802914 127.386782748
1928.519304708 127.451684423
1928.573192342 127.546781224
1928.579992608 127.509352438
1928.637831336 127.569682151
1928.707607013 127.636648735
1928.718076588 127.656495541
1928.854616179 127.784394062
1928.955171323 127.885440154
1928.956235344 127.889553204
1929.01853221 127.952777103
1929.069308286 127.998384198
1929.090544586 128.02020373
1929.170907238 128.143770198
1929.225130831 128.202434562
1929.290482172 128.219656799
1929.310011136 128.239413009
1929.345315103 128.318182025
1929.409451461 128.34152484
1929.485896871 128.415998393
1929.489664806 128.464589632
1929.55523006 128.484351229
1929.60489644 128.534904589
1929.61901251 128.594833027
1929.755754547 128.685739433
1929.776002463 128.708345423
1929.894286488 128.823927174
1929.895268575 128.824424251
1929.959226482 128.9318433
1930.023271087 128.95324559
1930.094947933 129.06807308
1930.161594636 129.09152859
1930.19343175 129.122510104
1930.219950584 129.195019345
1930.282175529 129.255288861
1930.348024355 129.287328055
1930.412790569 129.342195388
1930.456042675 129.386770614
1930.47683273 129.450064832
1930.540474352 129.476335434
1930.60567737 129.534797885
1930.613288494 129.542129865
1930.673134809 129.649221349
1930.739902347 129.669488942
1930.849032654 129.779647275
1930.886279654 129.816778568
1930.967821131 129.90098049
1931.034417539 129.975650641
1931.090684287 130.024470864
1931.156029342 130.093067142
1931.237048957 130.171060537
1931.316665711 130.249235205
1931.396722164 130.365594365
1931.47707798 130.415714246
1931.540592082 130.512953469
1931.604299298 130.580046057
1931.775838941 130.748203157
1931.894713617 130.832095054
1931.924291917 130.853355275
1931.946785474 130.918721204
1932.010112301 130.986278535
1932.074666906 131.005631672
1932.137950764 131.073992057
1932.200651545 131.1381535
1932.267701191 131.206273986
1932.309727987 131.240376248
1932.329478966 131.262037654
1932.435809954 131.3695694
1932.502153176 131.432218671
1932.566203915 131.508708929
1932.631724163 131.560783061
1932.718469327 131.650824186
1932.782352377 131.713336765
1932.843981066 131.774601261
1932.968839281 131.899828334
1933.021953781 131.958524537
1933.085765686 132.019578248
1933.149603233 132.088963376
1933.199888834 132.129102781
1933.213261237 132.187113736
1933.279487949 132.21607056
1933.363063507 132.337012107
1933.427029461 132.40184418
1933.489860023 132.465246598
1933.53847919 132.474965088
1933.602085975 132.545397043
1933.667067336 132.597745784
1933.895013731 132.871217943
1933.895869868 132.83083923
1933.946962624 132.876104877
1934.0117228 132.984237698
1934.076035137 133.012448058
1936.742337184 135.677601621
1937.018189215 135.955241888
1937.274604687 136.20463592
1937.639898703 136.573519678
1937.739326705 136.66932439
1937.929231924 136.902094018
1938.460388234 137.398476476
1938.467239471 137.396327641
1939.115057663 138.053728707
1939.459921013 138.39196951
1939.786129499 138.724667496
1940.050168893 138.981796726
1940.336120161 139.274390978
1940.457245738 139.386889484
1940.949254227 139.879529008
1941.345216734 140.278801312
1941.638640914 140.57183957
1941.820829153 140.762250951
1942.096038154 141.035354507
1942.339634303 141.312300088
1942.542865148 141.475422239
1942.703204556 141.642160508
1942.86476375 141.796606023
1942.987844519 141.917961247
1943.335343345 142.277480912
1943.455138633 142.427198045
1943.686588766 142.620543292
1943.954651768 142.88469744
1944.106465547 143.036874274
1944.369074869 143.300053065
1944.538994848 143.473780707
1944.662987664 143.597713544
1944.923736506 143.856799426
1945.082844312 144.019199147
1945.450962715 144.423782601
1945.493913655 144.423803978
1945.678116985 144.613033547
1945.808692242 144.738119514
1945.949387193 144.882379897
1946.095680417 145.030921335
1946.451497619 145.38522634
1946.459995435 145.400630186
1946.629343104 145.562721907
1949.51114154 148.441524948
1949.52977286 148.467027571
1949.819609646 148.750651452
1949.982311988 148.955528311
1950.336278961 149.269858155
1950.4607395 149.390329066
1950.61122561 149.548580363
1950.744184737 149.676744341
1950.894716842 149.826920097
1951.074856673 150.006524329
1951.349063815 150.289119255
1951.570383773 150.500140853
1951.705837902 150.639855661
1951.857166809 150.791813363
1952.011329252 150.946530674
1952.249147806 151.188001286
1952.479867191 151.414922338
1952.593343513 151.522776221
1952.757990752 151.69091297
1952.922215698 151.851314388
1953.099647022 152.029067104
1953.353057955 152.287395063
1953.482382599 152.455039197
1953.607313132 152.538329073
1953.744785197 152.681728422
1953.904751973 152.840189182
1954.118102905 153.047170249
1954.633432746 153.576289315
1954.991500548 153.922597634
1955.455239568 154.391899952
1955.774099279 154.742812452
1956.023518903 154.965174072
1956.338191526 155.268824253
1956.472817465 155.40317283
1956.680639388 155.61740959
1956.884682438 155.817280702
1957.020443529 155.951803852
1957.172903342 156.106703451
1957.634871219 156.568274625
1957.662657307 156.591862668
1957.792132878 156.727608441
1957.973609104 156.914221892
1958.225142907 157.154555575
1958.459875231 157.390267662
1958.605629606 157.540835428
1958.715937729 157.684820832
1958.89930308 157.829318213
1959.075908465 158.006532288
1959.44947244 158.390176316
1959.548347705 158.481947976
1959.764813491 158.696903954
1959.92456314 158.893652433
1960.07816323 159.015136439
1960.361457616 159.292261035
1960.48555467 159.416947655
1960.711195813 159.652989388
1961.047537952 159.978831855
1961.243326894 160.174932644
1961.517999687 160.452950664
1961.754714943 160.689973734
1962.015132598 160.952882089
1962.133914663 161.067738127
1962.512630699 161.453171906
1962.698260848 161.670240295
1962.922880581 161.853859988
1963.061388459 161.990444257
1963.342683078 162.31554186
1963.507649214 162.437747765
1963.642973615 162.574293838
1963.767283852 162.701275082
1963.952772379 162.889133207
1964.048487871 162.97876042
1964.227779544 163.165663396
1964.464619748 163.395328618
1964.650420148 163.582379652
1964.7827762 163.71776703
1964.959939415 163.932216843
1965.452382453 164.381569539
1965.460491074 164.391205169
1965.549677778 164.478841742
1965.728240069 164.700902642
1965.884722382 164.818107584
1965.984027294 164.920896405
1966.174819288 165.110413926
1966.696959961 165.632035906
1966.89748291 165.82923777
1967.340444203 166.272414631
1967.474004329 166.406939486
1967.703591376 166.676483097
1967.931466703 166.86589841
1968.349779955 167.322375865
1968.491095952 167.428894038
1969.080738124 168.011609842
1969.456090634 168.39005402
1969.60685638 168.580708861
1969.924701053 168.866946778
1970.111525368 169.050240684
1970.480260543 169.417242603
1970.761900848 169.694085051
1970.967498552 169.896681312
1971.129904485 170.071500468
1971.423167658 170.360187758
1971.660910854 170.593267842
1971.835946552 170.807911634
1973.902789648 172.837472925
1974.048042361 172.978221194
1974.16686079 173.100037376
1974.625239692 173.560921629
1974.63089145 173.568770682
1974.751634601 173.685850191
1974.902708412 173.834817395
1975.005188016 173.940051682
1975.149549086 174.118723171
1975.59671371 174.531686719
1975.629114641 174.60174204
1975.757572246 174.73015361
1975.904433565 174.837066904
1976.03998478 174.972535841
1976.514789788 175.444541028
1976.527573723 175.464012741
1976.724899088 175.657460866
1976.876835676 175.849373682
1977.000450641 175.934480199
1977.109996612 176.049679433
1977.362803609 176.335879274
1977.3696474 176.304609534
1977.551475807 176.487127593
1977.724057791 176.696675626
1977.910194327 176.851043897
1978.031574557 177.00465125
1978.453694073 177.384009406
1978.461435665 177.393233191
1978.585397035 177.518354036
1978.717295289 177.659819344
1978.84140771 177.78084748
1978.990545161 177.92423939
1979.085907521 178.022911246
1979.469410077 178.403337115
1979.500991682 178.434956418
1979.634381416 178.603507023
1979.799889621 178.731467638
1980.45688441 179.395411389
1980.658338357 179.63081073
1981.043480916 179.978814068
1981.455456188 180.387913712
1981.491471831 180.426959653
1981.729832449 180.664093943
1981.889964691 180.824782182
1982.032686741 180.967719567
1982.342829795 181.282737498
1982.463190462 181.399915498
1982.563495069 181.493040764
1982.70272083 181.634101909
1982.904488778 181.876646151
1983.069709477 182.012297316
1983.224229846 182.157187645
1983.463782861 182.393390471
1983.611735141 182.544562382
1983.73528618 182.664838256
1983.923097907 182.85703208
1984.234301403 183.176289043
1984.547584684 183.480551798
1984.696162948 183.626947148
1984.897195214 183.835419461
1985.107677158 184.046650269
1985.359749 184.293090497
1985.484196828 184.415256971
1985.598281402 184.530600121
1985.689468668 184.62448132
1985.848603531 184.821481002
1985.954911257 184.884682875
1986.146331249 185.077377043
1986.615075434 185.548272312
1986.634601692 185.568713178
1986.749163908 185.681299876
1986.880186326 185.813856239
1986.999282403 185.934767643
1987.350843013 186.28171282
1987.35756121 186.28785681
1987.523845074 186.458801637
1987.655570148 186.586872028
1987.783939837 186.719290454
1987.928724222 186.869173275
1988.043860833 186.978884856
1988.342224845 187.278336071
1988.47453519 187.407181638
1988.491273587 187.423519507
1988.641803518 187.614134149
1988.769153859 187.702764996
1988.8754244 187.816687051
1989.030563869 187.963536416
1989.225575937 188.15472443
1989.4566091 188.391570353
1989.48372208 188.418529881
1989.604310728 188.535197246
1989.795798787 188.725798336
1989.947875192 188.88695391
1990.054729956 188.988481302
1990.225529472 189.156376736
1990.45759022 189.38887797
1990.627273982 189.557979345
1990.817508661 189.747263194
1990.978530554 189.915762375
1991.448070724 190.387491691
1991.680347543 190.654676494
1991.818985614 190.754783145
1991.961091201 190.897168969
1992.080443406 191.020696582
1992.338274711 191.277600068
1992.485339677 191.423947282
1992.579253207 191.508761784
1992.721874718 191.65476030600001
1992.811889807 191.745031111
1992.951281752 191.885016389
1993.099707029 192.034540569
1993.333170308 192.26474377
1993.454405427 192.386002137
1993.636261795 192.565650515
1993.784613892 192.720589
1993.90568169 192.840417198
1994.342524926 193.28213164
1994.5114138 193.44166526
1994.71824297 193.64972667
1994.98884018 193.930003087
1995.229516406 194.160538935
1995.471870675 194.405048813
1995.66307606 194.598050868
1995.859515333 194.792509595
