3.700668653 2.700399205
3.770086687 2.369227339
4.082369393 2.98187452
4.19043236 2.989823302
5.782183391 4.180942053
5.857421588 3.855393776
6.028491754 3.4254267
6.138751865 4.3372006
6.154663199 4.653652693
6.251040638 4.950348094
6.361484198 3.858600149
6.397772312 3.59431064
6.402792717 4.100268604
6.408111445 4.30584747
6.412576018 3.709289129
6.472606235 4.771196606
6.475216274 3.471399722
6.482548291 4.079863483
6.6030454160000005 4.701355965
6.605569033 4.403198737
8.055963953 3.449590825
8.070184061 4.866008604
8.184435412 5.280747601
8.196300467 3.18925537
8.297673908 4.893106066
8.311249246 5.006900014
8.41015828 3.603393297
8.423880047 4.218125112
8.424754104 4.419277105
8.429467308 4.323801318
8.435105592 3.928823807
8.441770034 4.736793285
8.448870598 4.944192804
8.452252019 4.847477253
8.522832409 3.8163146450000003
8.536641785 4.731507496
8.634791951 4.32884238
8.650522143 5.54647378
8.807062162 3.6999058060000003
8.846572051 4.941174723
8.886393641 4.480266421
9.011091528 4.104174673
9.049533201 3.842115363
9.536245212 3.025581491
9.541555223 3.131122535
9.550411121 3.841293917
9.551118279 3.541461297
9.582106889 4.073311439
9.598800457 3.388774295
9.705401701 4.396945339
9.715039286 3.6052625369999998
9.934388862 4.5258493600000005
9.957416203 4.348459751
9.972077045 4.062587659
10.051158998 4.2419155
10.114702523 3.503946481
10.192044335 2.879796072
10.634739642 3.522885907
10.641330511 3.028302332
10.681833116 3.970808185
10.780440993 4.470225775
10.981984953 3.469186685
11.148907506 3.134997672
11.153015578 3.940914679
11.155804998 4.344552912
11.157338845 3.243665768
11.308551613 3.194415958
11.319146834 3.605920946
11.385619381 4.474215161
11.421128678 4.409530412
11.498719438 3.685300261
12.15034678 3.635587047
12.204297864 3.088041348
12.207193092 2.890519896
12.265340854 2.347577946
12.3284842 3.412714838
12.328664499 3.914001275
12.342758373 2.625507439
12.432355406 3.015554866
12.45969133 3.443688119
12.573588879 3.958517333
12.735179191 3.91967505
12.741411048 5.328843528
12.889210852 4.574692563
13.139406347 1.218094582
13.153362731 4.438053595
13.17789466 3.660927935
13.356320527 5.142002547
13.361052565 4.144677924
13.364619326 3.747496521
13.413742098 1.893146007
14.160743669 3.341256147
14.24664859 2.926347095
14.305882641 3.5864753890000003
14.314955356 3.8960217960000003
14.432798578 4.214348926
14.508003568 2.78707642
14.541756735 4.724236641
14.601501156 3.481443349
14.627803898 3.708102466
14.632156444 4.313466687
15.11707142 4.49781729
15.227250328 3.606527305
15.3404116 5.22216394
15.376925601 2.854490426
15.451959201 4.231725162
15.592978668 5.574914239
15.598010051 5.078927136
15.603353807 4.583490209
15.664054733 3.84287565
15.917572695 4.497111668
16.062868845 3.841036941
16.249285011 2.9252707940000002
16.360152798 3.737610813
16.473063865 3.349391716
17.133046824 3.107811768
17.238377935 3.513557661
17.318851884 4.295487468
17.384115061 2.5574484120000003
17.450500922 3.825956977
17.463685597 5.442192941
17.535535248 1.807264291
17.576770512 3.751790924
17.594777518 4.370987924
17.656608631 4.232419412
17.689127543 5.567385646
17.720931533 4.797751562
17.822068961 3.696670208
17.935066425 5.612972546
17.95067086 4.426352241
17.951839279 3.425581808
17.958785236 5.1358216819999996
18.020030354 3.694193618
18.065522541 3.138553993
18.483778401 4.558678041
18.488585376 5.76581956
18.494862817 6.072566828
18.642509713 3.314903667
18.773704123999998 4.047189499
19.224207689 3.996759585
19.334564897 4.207263319
19.448778553 3.219853534
19.857714933 4.329792962
20.042301878 2.611553516
20.206737892 3.276767081
20.319874028 3.690388618
20.323977016 4.896187126
20.403686007 4.375100504
20.467306148 4.538793731
20.531315366 3.200724804
20.596414528 6.370724638
20.632915919 4.303847036
20.758022681 4.228619409
20.889816726 3.358965471
21.001604071 5.173199452
21.036585408 6.009460147
21.158259201 5.029480245
21.204795934 6.778751163
21.212403932 4.08213381
21.24507682 4.014670159
21.258800357 4.529195821
21.329806052 4.900517162
21.335257152 2.702695939
21.337385081 5.709273745
21.37430086 4.544490538
21.418202873 3.286528445
21.48773763 6.861335135
21.922183008 4.291239333
22.254603772 4.423360726
22.359290788 3.826880048
22.364695276 2.830349321
22.388124455 4.657025119
22.395393059 5.36523129
22.403480601 3.570500874
22.472729315 3.739965782
22.892495915 3.959273335
23.007706198 4.675689526
23.106357614 5.074759959
23.21429102 4.080670206
23.229461522 3.995732885
23.349144412 5.417767461
23.46013527 2.423610503
23.64076327 4.607294341
23.727976391 2.39095035
23.822926165 3.687582216
24.06109195 3.825631483
24.067445933 3.431434955
24.340301152 3.904529559
24.415989863 5.082016721
24.453727086 3.917816217
24.543561709 6.311771314
24.567397847 4.532224213
24.649513083 6.217342464
24.857020149 3.9207259
25.016745843 5.081694042
25.080784662 5.346084778
25.143150588 3.5055576200000003
25.277960214 5.843727753
25.309578186 3.772182712
25.679611503 2.339091106
25.951127677 4.013113546
25.996264573 4.559015609
26.107791386 6.473216954
26.182477975 3.2427534700000002
26.277582779 4.439694681
26.401581118 3.361660232
26.4575923 5.320822284
26.514660691 3.775219417
26.539207592 6.704326549
26.602839421 5.365981712
26.610223938 4.371701467
26.669276709000002 5.933145457
26.68203646 5.845823618
26.687908712 4.048674576
26.696601497 6.361064526
26.70257875 4.56424062
26.733431733 4.695219632
26.756344105 4.217251373
26.79900262 3.558703952
26.871471456000002 5.133779748
27.018106096 4.579152132
27.257477311 2.61461259
27.584120971 3.842781894
27.657446398 4.517360958
27.673062777 3.430809225
27.767142228 2.923820136
28.306979745 3.9646265290000002
28.434038853 4.492370925
28.479266538 3.936467973
28.495101169 4.052517536
28.514602947 4.673088177
28.519746635 3.776637386
28.527167153 3.38331823
28.607332175 5.16655351
28.607530485 5.066525741
28.611598289 4.569771255
28.7261676 5.084977038
28.869636367 6.030119312
28.902511457 1.85557645
28.984187598 4.842119107
29.052434432 4.108855926
29.118603458 6.779866059
29.420301307 3.27470824
29.54999806 2.803410347
29.60568196 4.161326082
29.690978016 3.3449979880000003
29.748223155 4.103530793
29.840149066 3.293810319
30.13755728 5.09383735
30.142999736 3.696778933
30.547166415 4.802316204
30.658106781 4.011612545
31.040831998 5.095621187
31.697433592 3.749113093
31.69861307 3.850374296
31.786846687 4.940123036
31.79307572 3.343863539
32.36689147 4.819069801
32.372325135 7.128317177
32.60117983 6.756172884
32.647847198 5.70102831
32.655713077 6.610272885
32.76854438 4.720041092
32.776942918 4.628256279
32.881449557 5.634183421
32.961910381 5.514309948
33.136552363 4.587124625
33.281300318 7.035522692
33.352358371 5.704434235
33.386563962 5.037569427
33.39524773 4.345068928
33.569158409 8.024647042
33.813078839 4.16169339
34.041878178 2.386798588
34.046182428 4.595329759
34.055428876 4.7047177510000004
34.483961485 5.533946224
34.610152184 6.361273656
34.718101009 5.868236461
34.793534473 3.73949077
34.894846347 4.642150353
35.019996976 4.066165813
35.023857984 5.873409421
35.068125287 4.314665117
35.073753687 7.726361602
35.133565524 4.480286154
35.317911496 7.569864882
35.326592196 4.472922578
35.427039841 10.082897334
36.086654494 3.1296966680000002
36.089841396 2.83237481
36.188551147 6.937976523
36.407270933 4.852371672
36.738596087 3.981891848
36.748965399 6.295922389
36.839237371 5.384496897
36.954189613 4.497871122
37.016000963 3.9589530340000003
37.099834305 5.745358325
37.104262337 5.950039185
37.190231847 3.832624938
37.444600212 6.190220342
37.536363353 4.879812294
37.650049181 5.794618344
37.760841228 5.805284836
38.043457653 2.681957665
38.504832122 3.343581861
38.636830609 3.876360591
38.658369195 4.899784976
38.705399622 5.14733766
38.846904798 6.690985214
39.056015616 3.9949947750000003
39.148529729 5.289732436
39.621907955 4.160317147
39.727182483 5.066934646
39.895738521 5.636140175
40.050360472 6.091385548
40.056272687 5.596299271
40.677134583 7.018791858
40.69890211 4.435921743
40.787756554 6.227604643
40.814720098 4.35132202
40.900376802 3.9361376530000003
41.054985162 3.5899580269999998
41.099058099 3.533865393
41.135008933 7.677177227
41.19131939 4.327202141
41.244231587 3.5789537940000002
41.309391042 3.944478158
41.770208505 6.108307021
41.877411934 12.025647054
41.883816097 10.128512375
41.890391317 11.537489678
42.047297773 14.900254255
42.118697849 3.55190245
42.168219654 10.112489422
42.304675952 12.352770187
42.328035949 11.774845854
42.417689452 12.365471003
42.457319801 12.906152527
42.525350319 13.775641974
42.720439684 7.158689923
42.814607422 4.848840306
43.023218065 6.860397679
43.135022608 3.566266515
43.181162925 13.429591717
43.184901579 13.032436561
43.204496367 6.140084239
43.20828468 14.558673793
43.232135429 3.362954003
43.341448859 4.473917862
43.445936574 5.580353871
43.557503203 7.194307123
43.671029404 4.302641632
43.7903953 4.121540317
43.859168584 7.195442435
43.915928356 9.756544375
44.021064308 6.856494788
44.186280287 5.7195738590000005
44.333372135 5.165338797
44.573185045 6.407153121
44.785073335 5.01595198
44.889350866 5.621058677
44.93460863 8.871963078
44.941678806 12.685579295
45.091764495 5.022207905
45.245330233 5.075619614
45.252255891 6.18434414
45.268756656 3.396426418
45.276636207 6.910224041
45.294604993 6.627565182
45.300719321 10.339873075
45.424924193 3.352115923
45.437029933 9.574733586
45.559162105 6.591388228
45.564299589 5.094010125
45.572198289 4.200501264
45.65050879 5.68115327
45.921923229 13.065065846
45.928187083 9.164236683
46.055956647 11.996875194
46.247603386 4.675672278
46.311164948 13.954919525
46.344533983 5.573677854
46.408029213 6.037865284
46.475420187 4.002076659
46.553507613 5.682537869
46.656659831 4.9845459640000005
46.666728472 4.3936456249999996
46.763853361 4.590893428
46.882713278 5.911595516
46.994524316 10.43093051
47.280308258 3.605036855
47.337251019 8.570050884
47.555959514 11.59351045
47.982995916 12.220841113
47.984658404 14.827420072
48.099940075 7.830025323
48.218434928 10.152598299
48.240077423 7.168851431
48.333454262 5.760001332
48.338571856 4.463075369
48.421071769 4.946082133
48.434142188 3.55707713
48.466542758 3.38928056
48.512092343 4.936970112
48.596492692 5.221679113
48.64678211 7.976102993
48.648641752 8.078156277
48.654301179 13.392881786
48.678542202 7.407083778
48.898591637 14.538717938
48.923088859 4.146223549
49.050234671 7.5784075390000005
49.2323817 10.966056701
49.235019674 11.970334231
49.329329085 7.557103384
49.454873358 6.6810730540000005
49.470110784 8.298787591
49.573908964 7.601362495
49.586459112 4.909744784
49.587877313999996 14.727224408
49.697235443 7.323988097
49.872548023 17.316100343
49.884380856 7.010354041
49.890474537 5.5143294990000005
49.953371396 7.279731487
49.959842893 6.98562281
49.987614253 12.222204379
50.010282981 6.735662238
50.098838544 10.630308086
50.199773251 3.82065387
50.214834606 6.239241153
50.239567985 5.662999224
50.248032226 7.173687377
50.310619827 3.831357639
50.355799888 4.577491509
51.259311429 4.479548877
51.350390083 6.874062398
51.37507677 5.696997808
51.477517732 5.999672228
51.490000164 5.6115520320000005
51.576784379 3.695416506
51.600028457 6.622847802
51.638804045 5.560137541
51.704753858 4.424093328
51.976191194 8.801694906
51.978755031 8.203413659
52.077994025 6.099435541
52.08533164 6.907921706
52.211704072 8.135935035
52.217579219 6.839884985
52.240957437 3.758688341
52.260063019 3.978114509
52.327111269 8.051093685
52.379512321 3.997365812
53.303287609 5.822444605
53.420635203 6.44045295
53.58193426 5.500214089
53.729187739 4.846286584
53.958448143 5.17567029
54.061331573 6.680598807
54.074011869 4.890644443
54.31539097 6.634266277
54.414812173 4.830666835
55.348594152 4.962930611
55.349416926 3.661466028
55.451200004 3.66303061
55.495593657 5.510694487
55.537881318 6.053835416
55.563833052 4.677222787
55.597543124 6.313948702
55.599471312 4.913173533
55.666733807 6.583520212
55.679116436 5.393675026
55.684472786 8.804472036
55.738223406 4.951764056
55.771978828 5.5867515260000005
55.968120155 8.186838758
56.092024749 11.91609227
56.130738339 8.95027016
56.13567648 6.451331619
56.141604897 4.553812057
56.630319815 2.437858244
56.681304035 8.499486091
56.687523363 11.109592607
56.692752552 10.513974672
56.835020668 9.754704895
56.956755981 8.975120425
57.062479572 4.873655929
57.156146797 3.664803547
57.159471187 5.271094954
57.161468928 3.269330927
57.40975722 4.619745147
57.646160595 7.761417719
57.65264231 6.665885349
57.850982465 6.363332133
58.078825739 3.285116976
58.189324987 5.19891675
58.692684347 5.101241453
58.701749123 11.120777791
58.818003957 6.528961747
58.846678338 12.167141053
59.054727104 5.262837593
59.112300154 6.723015818
59.135040871 12.555690126
59.261453177 5.9704851560000005
59.367294643 5.675714188
59.378164457 10.695618635
59.612619212 11.030206933
59.674146147 13.395149718
59.834771664 14.557189885
60.086933574 3.290069922
60.197038117 3.300008493
60.207566565 7.617999987
60.35319237 3.155602517
60.465277969 6.172551677
60.577812042 5.884414669
60.747514451 4.6516005840000005
60.873457759 4.477073179
60.873608706 5.679216464
61.126952134 4.830691551
61.129949368 4.43317195
61.168512336 5.373168409
61.217122322 4.62047888
61.278767921 5.683766476
62.102765571 4.805091599
62.249149198 6.85439029
62.786550549 4.486754295
62.876529614 5.478638928
62.876618213 4.3764924050000005
63.130903552 5.331989373
63.194709235 3.492634141
63.301955417 4.000707263
63.357790118 3.555555705
64.11284548 4.010077987
64.250753051 5.049599676
64.257548658 5.657284221
64.261935448 4.760257179
64.318463524 4.716588056
64.368986424 6.269541442
64.388140239 6.388899845
64.482025682 7.384604384
64.939354371 5.938474242
65.092060357 5.991045018
65.339111757 2.9322657530000003
65.398319273 2.891386605
66.02408079 4.418908358
66.03213428 2.924184307
66.3863483 5.983253439
66.394492093 5.590635402
66.501358697 5.396928033
66.51135565 6.30849661
66.52639252 5.922980416
66.682489209 4.77679158
66.913992645 6.410692738
66.919000195 5.614297216
67.496893858 7.494312221
67.522916039 5.817528914
67.817601584 16.43011912
67.951891212 16.764739623
68.075122873 5.46799953
68.082304935 6.877737569
68.095381028 15.205159036
68.352228821 2.9400878390000003
68.463447773 4.854428248
69.10260326 20.119515648
69.109498952 16.018985719
69.115163356 13.820607614
69.122072748 17.834816002
69.127731972 14.03346519
69.276308164 16.085575963
69.428381252 18.34136309
69.462683995 5.45292742
69.528415071 6.119882491
69.538847707 6.030074932
69.544194452 15.551904771
69.566805822 17.07740019
69.572844557 14.578845091
69.579211714 19.794701773
69.615175952 3.702023796
69.644770599 4.933675614
69.666555956 4.655078991
69.722142555 4.910926061
69.76407224 6.054949787
69.94108345 19.455242478
69.946822801 15.553937045
69.969374356 16.578180915
70.013502472 7.306222041
70.013578132 5.402603191
70.17657881 6.868176166
70.784558427 6.874999352
71.163474919 7.955307627
71.631912378 5.017756633
71.790579097 5.977629266
72.603350368 6.890514824
72.726290891 4.509247759
72.768923288 8.358258981
73.003560373 6.088899694
73.036025005 5.520155373
73.0402413 5.12365221
73.35653314 5.74052237
73.361961365 6.046487332
73.441192996 4.823384747
73.874001264 7.460190597
73.929241819 19.035339264
74.13389814 7.319386601
74.208991383 15.408421161
74.249188353 5.9319673470000005
74.249900288 8.637243969
74.404921415 4.184259176
74.485550867 3.062820673
74.490455587 7.375375555
74.601974254 8.588706426
74.718839993 8.605448704
74.776032021 24.691002238
74.782179444 20.28915952
74.78866157 22.098864512
74.794469482 25.410635846
75.043032174 4.321629094
75.159312967 3.335781311
75.171169905 19.676255003
75.218831748 3.896217222
75.404377266 19.709120846
75.566531427 6.147433953
75.645538953 21.55316127
75.699344207 5.278402551
75.776911953 25.190846964
76.067314622 6.748390817
76.067419751 5.24577162
76.144505327 24.155955467
76.265159689 5.243209667
76.319009401 6.39899823
76.337020916 5.815931052
76.374550226 24.285916648
76.384092367 7.565898315
76.44425025 6.424068747
76.476931587 4.352770421
76.575942742 5.353541332
76.654567059 17.753821995
76.70565935 7.486862076
76.781829477 22.188597276
77.067423712 20.070192156
77.728540441 6.60636646
77.863939835 8.044067306
78.000800782 6.377518134
78.160984905 5.134958563
78.389392126 4.561837401
78.547811422 6.022780918
79.292993558 5.7659631860000005
79.2997122 4.06930038
79.306595593 6.88177519
79.466793761 5.739381237
79.589098731 5.961883516
79.641412502 7.617461638
79.66306898 6.737273064
79.724472033 6.297592291
80.142489313 7.517240364
80.143755026 5.915400396
80.180324657 7.354716083
80.341574029 7.115220928
80.354398718 5.324505473
81.422896741 4.389243861
81.564205752 6.935154034
81.566836833 6.135949699
81.662962961 17.452731422
81.73514448 5.6029542
81.837138049 13.419693706
82.111875541 4.577359316
82.118394699 4.784252853
82.290384551 4.655711344
82.644167582 5.209776726
82.662824608 17.751518147
82.778917009 7.247884558
83.268704636 15.552364668
83.275514494 26.779033675
83.283491761 22.980480543
83.586676152 6.653187401
83.623888563 8.79444262
83.707504068 7.274793432
83.764183297 7.231280936
83.791642609 9.062350961
83.910743685 8.279518746
83.977437866 6.843638978
83.985475813 17.771966692
83.991053574 23.287399955
83.996558592 22.190951591
84.250531101 26.050876227
85.009557721 3.9684256710000003
85.044595356 27.145479939
85.052105306 22.745527976
85.057689327 27.359022945
85.065098026 27.466571343
85.071120897 20.961094722
85.143084844 6.00581066
85.231326092 7.19603563
85.236362818 5.998825484
85.240713014 6.504000211
85.339844616 17.22289909
85.480600542 21.170137488
85.538238042 4.597300499
85.705704779 7.369976658
85.958480172 5.719074067
85.974047568 5.834773817
86.090349961 7.053221025
86.092263479 6.554236648
86.094760075 7.458362484
86.099874937 5.259175628
86.22772268 5.687807582
86.365036651 8.429913388
86.453866696 5.8136591200000005
87.588378167 9.052096215
87.617995578 6.176300838
87.850572849 22.638709025
88.185370347 21.871689512
88.29841296 8.359530438
88.303973377 8.866100559
88.308596765 5.865079363
88.373582375 25.566205685
88.56289979 28.660503942
88.604002175 6.360823515
88.741250747 4.9957314
88.753828539 26.747873556000002
88.943726342 30.543758022
89.137143315 20.218819595
89.161991444 4.514935305
89.215204385 5.169068193
89.327893666 4.881167213
89.328758088 27.923899041
89.379970503 4.632790424
89.385010395 6.240465497
89.398786824 8.257462652
89.473818636 5.227365072
89.519010105 28.6149414
89.535106579 6.991493838
89.594884691 6.049731523
89.597910199 4.650377525
89.710341276 31.009849365
89.902378397 26.994848498
90.122606973 22.706903052
90.130283051 6.885566162
90.136148525 6.490818324
90.285672415 8.242739547
90.313058631 34.317337779
90.686291304 33.188030605
90.690722573 34.494724428
90.751775466 6.805873906
90.888636643 28.682237615
90.992779419 22.475093679
91.152857404 8.208553883
92.09698376 6.848923736
92.098418685 7.952100983
92.127445526 27.61668952
92.13369957 7.286375772
92.337487456 10.795582187
92.44881439 24.632370961
92.666592767 36.771016053
92.70911649600001 23.690650921
92.804991464 24.788124254
92.991211987 12.551519064
93.079699236 20.855330234
93.286397062 7.838009518
93.317666575 21.594261498
93.349407021 18.920628949
93.558091297 28.246090459
93.791769083 26.576437445
93.833733446 23.713296934
93.840091341 22.317089104
94.031309365 31.023500468
94.091226154 18.961030633
94.110851029 8.762653339
94.111637515 7.361208152
94.114259545 8.565712945
94.233730123 7.8839573220000005
94.239698303 6.187175912
94.272849028 20.24487693
94.28068582 7.229756275
94.420575589 8.170988704
94.421013261 6.468791087
94.436756837 6.183945159
94.513686737 32.407508709
94.527962665 8.879293607
94.541680576 14.702989636
94.547691909 10.000783801
94.564894724 5.510634047
94.629769869 8.680681945
94.642123586 7.691387228
94.74547532 24.424718672
94.912511288 18.680230577
94.918851493 16.082027963
94.97984937 21.653231216000002
95.200844199 19.168844486
95.216568018 33.711585182
95.256565625 19.925904791
95.434927051 12.690980031
95.612134123 31.802787799
95.775710545 8.424375144
96.065375902 29.551458201
96.073028776 29.358658095
96.125778751 23.400393375
96.131038728 15.390541874
96.138988715 17.202016697
96.143919017 7.189859442
96.144893875 14.402558492
96.145552724 10.296536191
96.148148969 7.79514148
96.184419313 9.033374733
96.21328538 27.094567598
96.352751416 10.603945614
96.409078867 21.880179594
96.449296215 37.047874877
96.53881692 25.617013926
96.686301256 22.558049214
96.787443163 18.651985053
96.817691532 31.705944934
97.089900692 36.085710872
97.146343844 13.300605512
97.153515586 27.634245633
97.325603748 28.607575016
97.3959741 20.562678621
97.455950264 31.943623911
97.461928462 9.008704933
97.513126095 15.169791619
97.659499799 7.303058333
97.723364132 30.708501655
97.999970477 6.141065865
98.000012512 6.942303482
98.008579157 8.253288056
98.013295608 6.054227013
98.023173029 9.46974227
98.214944519 5.85508382
98.387193576 4.024255947
98.467014119 8.210627405
99.183703241 10.029326777
99.258680454 7.099090312
99.318718337 6.357879459
100.196532334 10.841797373
100.35359766 9.696678819
100.355254675 8.596490343
100.358869488 9.000843449
100.36288252 6.901280966
100.367988652 7.307018171
100.451441559 7.690976915
100.470524173 8.41124617
100.490334796 7.930173427
100.540914601 15.39309055
100.584219816 7.322878802
100.601799756 6.839761605
100.628876381 6.96699348
100.705844597 7.144056009
100.709311261 11.454739076
100.885918068 10.028627663
101.036946284 12.88427972
101.148467316 11.292971692
101.153899971 8.693902703
101.261860345 12.407969288
101.490882043 25.659287179
101.656510449 29.331965686
101.680528935 14.82987824
101.687808286 11.531706711
101.694675861 16.647037941
101.868232038 23.432277425
101.961236345 8.599754079
102.117266188 12.662378845
102.194693908 14.943438314
102.240210823 30.31646224
102.242536577 20.600370146
102.369248125 10.710706388
102.445805016 32.72625011
102.497048445 8.033946184
102.674654192 11.116289612
102.681525021 12.124683202
102.686747641 13.933026285
102.737601231 24.902640078
102.741519143 20.79883802
102.844006471 12.888333239
102.946115277 15.094031995
103.138941012 26.806455601
103.332595242 15.58074025
103.524386213 33.904917242
103.734646774 6.467105399
103.889385813 5.519905561
103.891858175 25.656255204
103.896486203 28.165123836
104.095351153 33.474125439
104.130018323 9.466461129
104.142363586 7.576049153
104.222655975 6.854823314
104.227255328 6.258481905
104.231795613 9.167625583
104.236478522 8.17096372
104.275952521 4.804807704
104.278198124 9.113937875
104.281268335 8.516199006
104.283867113 8.318425241
104.31561208 5.34533812
104.373415885 21.529213842
104.413735338 5.14305386
104.478521454 29.548848626
104.527159629 5.757210949
104.694284322 17.042568684
104.886965299 21.441926238
105.077701692 16.424119163
105.262789431 11.100095151
105.267684539 23.926066622
105.412531781 7.8444799320000005
105.45403248 8.787591353
105.52031116 8.753771657
105.588537695 9.923579958
105.643570077 32.517441063
105.648100391 23.00434724
105.672340422 8.605257187
105.743539983 8.275611808
105.843404715 25.503841452
106.065486938 32.137713048
106.128969025 7.9599224930000005
106.256239922 19.806220984
106.30743548 10.742610022000001
106.309241475 11.545523305
106.369120867 8.6006715
106.484698629 7.814854321
106.538796921 19.087349657
106.543491971 32.214934607
106.546179137 27.208414139
106.560842668 11.196306915
106.773851996 9.606537548
106.944189584 20.894863069
107.561959321 25.418954003
108.013598535 30.779604959
108.067460603 5.6917539
108.209469379 8.437740163
108.249051416 18.59388338
108.268402826 6.7941343530000005
108.413419422 4.334985966
108.447180254 5.770982252
108.487022236 13.522998139
108.522046029 6.547006824
108.595063122 8.623086184
108.647872245 6.773069534
108.66292992 5.285649701
108.723737362 25.378857453
108.923311807 12.557328179
109.066994048 22.516821017
109.306428925 23.15703053
109.481703598 9.109094542
109.626223052 6.849913364
109.648795303 29.609698205
109.692299641 9.820441312
109.888160469 25.541499901
110.095743393 6.317770533
110.117774742 7.241324677
110.122351188 13.255649534
110.127370809 17.467062527
110.133915825 18.875982171
110.137741758 13.971979843
110.142106909 14.276806126
110.146811912 6.168557415
110.152079974 15.588769964
110.157217761 19.40010765
110.161835289 17.902066863
110.168049477 11.69844474
110.171004145 17.310409846
110.176442431 17.015284095
110.228807689 22.677219094
110.323271632 12.053934781
110.46489931 9.69169696
110.467836278 7.290898593
110.503513878 9.930730315
110.550277527 11.179349593
110.554999961 20.098358811
110.559112091 15.695257113
110.610726771 9.336683218
110.625738154 15.361308867
110.645542652 9.271380696
110.70048633 7.623712561
110.705089649 9.831768289
110.711230241 10.238533073
110.853575209 9.078880069
110.86271963 29.02022256
111.024930758 7.747821973
111.030238891 10.757793015
111.179500238 8.903934244
111.184068206 10.010147722
111.208011878 29.966536759
111.557304197 17.695076582
111.793769919 17.831390321
112.042872993 34.308082142
112.40330665 12.331125986
112.490692145 35.757492747
112.503255638 7.823940211
112.582535695 10.507289756
112.662499957 10.487105785
112.697546316 6.515201599
112.852424053 18.589617275
112.857266349 10.281247595
113.088250601 23.533185086
113.323053743 22.365571508
113.489858245 7.708289143
113.545565673 7.062649176
113.556338835 22.398603242
113.642953323 7.36038555
113.696371447 5.610549658
113.746512444 9.467753519
113.899934932 27.249649859
114.067948987 24.012054302
114.409529366 38.477741781
114.543451238 7.259179667
114.64815561 31.603735562
114.652376179 6.766994692
114.659683519 35.021459214
114.731882637 6.445722278
114.779110892 35.040667782
114.897142612 38.264137865
114.967729965 10.388618035
114.969909636 10.19044756
115.065424645 8.181866064
115.071925284 8.3886876
115.079798168 7.394755547
115.276906641 9.595484683
115.281728194 11.103159274
115.28282775 7.798188874
115.28428538 7.098259449
115.287128937 6.900764187
115.288431261 10.809437204
115.290790362 9.709588116
115.291340903 7.305783283
115.293425888 6.806902561
115.295824007 5.907748442
115.391111631 8.407350321
115.852832583 16.181348627
115.982397948 24.524149468
116.10377557 22.041292516
116.572006078 20.306143112
116.576419905 18.908174219
116.621891247 10.539691238
116.822952685 16.149964895
117.062339389 10.278890384
117.062431895 10.479384169
117.194922789 21.730211247
117.198145465 20.732059029
117.239021988 10.155087672
117.324001369 10.941333188
117.337654659 18.767916585000002
117.425979709 9.640815703
117.508391625 12.027417022
117.581905036 16.508217396
117.712589202 20.745665471
119.097345378 9.20862417
119.249007279 6.755847024
119.307090121 5.110676458
119.35733675 13.375279575
119.421881194 9.733410003
119.424692616 5.628978449
119.454134857 8.162875049
119.60838766 9.01843392
119.642162455 9.553214786
119.669794717 10.582361743
119.742607916 5.045373854
119.750494673 7.958408744
119.857765013 6.562953283
119.864197055 7.070270565
120.116614496 7.022096256
120.168320382 8.476428899
120.173483686 7.980724142
120.303508803 6.407523177
120.313566348 10.02433262
120.347537791 10.558850406
120.412759468 6.015890427
120.416108357 8.123245947
120.476700955 7.783025766
120.549466795 10.961211773
121.25002505 8.857063799
121.257458844 12.270152809
121.265029967 9.673327318
121.269876154 11.781720662
122.016353913 8.521183066
122.200727908 10.2082606
122.285611978 11.294906392
122.292955156 11.502619346
122.33429647 11.644216795
122.34187965 11.952399515
122.349657821 8.7543111
122.356900443 11.466348143
122.390028296 9.495866776
122.456092174 11.966292795
122.520656879 12.331609548
122.997357464 11.505868459
123.033822525 10.039493877
123.225264921 10.631839198
123.305059424 19.827653494
123.482120649 16.097654178
123.54186278 18.161107655
123.7741212 14.586527772
123.781810033 11.889492186
123.906869668 8.808981917
124.007301298 24.836691899
124.028387351 19.148781034
124.088823241 5.084461984
124.238464274 4.533142514
124.246387032 12.153711823
124.487377509 19.507568922
124.517337777 20.138416501
124.524345079 13.132988437
124.524974701 4.518325446
124.712508642 7.511110915
124.725756689 20.847663651
124.775480771 11.079962861
124.963157426 17.378369005
124.983601229 9.484970257
124.990486625 9.792393377
124.995219587 8.895720879
125.200463199 14.009348784
125.206769148 25.63551065
125.325843878 8.725498047
125.453424682 19.571543795
125.517215798 5.611574481
125.595554585 20.515493076
125.604106201 16.817069439
125.611228197 17.024515793
125.61746385000001 16.730348753
126.003550157 9.102674927
126.084142091 8.081526583
126.122481618 15.031627352
126.1678641 8.065130656000001
126.221731737 22.644150675
126.373273876 10.774404797
126.378921854 8.776862495
126.383616764 8.881640639
126.505787865 19.321678359
126.54846034 7.944912284
126.657275925 10.457640805
126.702161687 13.307189801
126.951295501 23.273515421
126.96025628 25.98673438
127.062162929 10.762434201
127.069708668 10.669751613
127.077401613 12.480285098
127.118068727 7.613060494
127.12482293 10.624720615
127.156368359 7.751529477
127.190030798 22.009744494
127.200526411 14.005852888
127.361934808 9.659765124
127.376660426 12.078378061
127.425043955 8.320548126
127.534885484 17.546082133
127.545803053 29.47689886
127.788461809 13.792342572999999
127.92229067 26.247719
127.976491606 10.674903397
128.046866999 25.070168875
128.05327849 19.36643882
128.082369994 13.986107304
128.148455479 11.347809802
128.239715893 25.763843058
128.243380857 8.938642449
128.286331239 29.215834725
128.29294435 10.891081181
128.521643085 19.233797968
128.755607495 28.583290207
128.890010062 27.315597657
129.034398527 13.235299855
129.112160315 12.010921375
129.201758885 9.596530037
129.260268418 31.391593215
129.265886591 30.395841677
129.303439282 11.40102989
129.367248624 13.668254265
129.407903759 24.127317334
129.57178846 14.774339408
129.771040397 14.372537175
130.171542823 10.064814739
130.398504513 14.49926378
131.434410913 9.3245536
132.086935483 10.077203893
132.097546599 8.385431337
132.258492437 9.547787268
132.322864846 10.813885267
132.369189047 7.054297839
132.439983823 10.630616643
132.524004222 9.412701995
132.557535305 8.144221093
132.569470914 13.765379834
132.68525269 14.181958728
132.705423064 7.190257471
132.757547961 12.350401595
132.825690684 8.011597095
132.954595432 14.050355568
132.997123082 12.28954741
132.998990785 7.283355805
133.001404616 10.791444201000001
133.096352166 14.693139481
133.514060867 10.502913215
133.688567461 6.671097205
133.696194577 18.798633624
133.708050687 13.501205913
133.766196866 12.657747111
133.92499207 7.007612058
133.960792816 15.75795733
133.961084597 8.546045437
133.966594306 11.656534019
133.968348396 10.65680798
134.261925981 7.14432476
134.266506038 13.458792749
134.340691331 17.640203879
134.380951626 8.765532295
134.503380063 9.989858795
134.581659729 12.872377776
134.60974575 8.79400382
134.738590478 14.131197006
134.782157377 9.567458497
134.926253397 13.918074154
135.019827588 12.6095959
135.026389045 13.116926481
135.099346617 10.986466203
135.210341452 14.703104375
135.214735578 11.702892942
135.297252197 11.685267468
135.354805527 8.838101861
135.418577201 12.207143435
135.479833451 10.866100269
135.625147878 9.208586637
135.781837895 11.969530473
136.027146848 8.509069867000001
136.033240055 9.716825934
136.158870251 10.142871836
136.35389287 8.735635647
136.477977034 13.56692376
136.489421547 11.775523007
136.589194172 9.972298578
136.660148244 14.149713392
136.717151988 11.802934241
136.764246517 11.749878535
137.405305028 13.092066945
137.605025631 17.799630619
137.775271618 13.762587936
138.748723776 7.224285468
138.911013126 5.583911135
139.064069774 7.940373538
139.264547208 7.840282178
139.767254836 11.648152707
139.870024915 21.567012009
139.875954301 13.960064596
139.88315574 25.386116041
139.891268349 25.594616326
139.89697030600001 21.193185278
139.904603796 17.093694817
139.911072215 24.913338905
139.918343923 15.705289006
139.92628641 23.926942437
139.932683289 17.322043446
139.940036136 13.72377053
139.948016661 18.639306773
139.951442873 11.932503191
139.95381677 22.952700808
139.960955433 13.844818267
139.966677678 22.164385872
139.970316943 5.941984423
139.973528372 16.061041705
140.298342744 6.670598382
140.303275806 10.781713953
140.35002803 7.6238998250000005
140.389173588 9.365813671
140.391578128 8.16610799
140.501011104 11.981242645
140.554337763 11.433377008
140.568712062 17.157046572
140.575287435 18.966137886
140.582331891 21.377701412
140.614915106 7.688420916
142.311210529 8.383021414
142.317358475 12.194984167
142.449430744 8.02048558
142.618429102 13.397315078
142.674122759 11.350112013
142.722969288 13.101318368
142.790973928 14.371375319
142.853830743 13.532561071
142.860902693 8.231656893
142.998918438 15.681048808
143.003669691 13.582279712
143.247022018 9.418975789
143.256210184 15.838217315
143.374838753 14.554352201
143.443021885 9.915464206
143.446981966 8.917844276
143.451998105 9.72416663
143.456327097 10.63003698
143.567407749 13.144631733
143.586844654 10.159500134
143.594327055 9.465844629
143.602015041 10.475236547
143.607104513 12.783931838
143.614292441 11.689188788
143.621408534 18.506916859
143.66950707 10.642854508
143.720229962 11.194334943
143.783441217 11.65806245
143.833853868 23.526846365
143.853079398 13.931007647
143.874350018 12.049340785
143.942070468 16.023327004
144.043179462 15.423147797
144.433211026 11.807161319
144.440113737 11.213207572
144.447871604 12.723017869
144.45521914 13.832218674
144.462158923 16.643507939
144.467249339 16.748800653
145.020233779 24.112201876
145.025957043 15.204022572
145.034126786 13.810345107
145.041794897 18.32468729
145.592339475 4.852383214
145.794842016 9.963382187
145.800699985 17.58144748
146.417209702 10.886294045
146.47532328 25.06643325
146.480584675 14.455336033
146.623931412 6.986007378
146.746419082 15.823139604
146.774171159 9.339743141
146.801004528 10.769294187
146.893203115 16.87096087
147.041240663 10.909393121
147.330053355 7.5920547030000005
147.334292566 5.692889301
147.335935879 16.813041463
147.338012328 19.018589076
147.339697958 15.715103872
147.348045784 18.627844578
147.353412765 18.332623793
147.359474559 26.150869255
147.374108816 11.442497326
147.481137006 15.05541282
147.50211989 9.867297847
147.625204857 17.302600337
147.760566914 20.943310944
147.823681842 18.903023365
147.91022878 17.687761518
148.148871448 20.931189272
148.215756211 7.075139243
148.222939225 8.985553111
148.389914995 16.064252231
148.440366518 10.70539485
148.458853566 11.926106204
148.462753925 6.721063695
148.467904083 13.337692137
148.474857744 12.743553061
148.47933897 8.641113301
148.50578615 17.782692151
148.546040444 11.011389659
148.68288025 8.644402253
148.756990986 7.215693203
148.777614695 19.055894774
148.9412424 10.104417254
149.175491001 14.145504783
149.285393557 8.745957656
149.290505537 10.954498571
149.381335046 12.648072878
149.49744286 8.857675616
149.608686467 13.977552878000001
149.849519051 13.01602727
149.869817026 15.140372847
150.111736979 12.877699177
150.281704392 11.545052623
150.372140656 13.037853344
150.433280739 9.492944136
151.023908647 10.885267239000001
151.153297735 12.116179359
151.158948901 12.522524359
151.168368942 11.730714229
151.174302858 14.040440649
151.174571849 12.938692191
151.18117182700001 16.251421246
151.187133164 14.955108579000001
151.1933981 12.657086548
151.311087899 15.980561467
151.383748513 14.450085592
151.413944525 10.373396515
151.497452071 11.158444187
151.585120753 13.44941146
151.669579259 17.441001348
151.713317493 11.474487845
151.824104522 12.887134876
151.917707639 15.585395312
152.047950186 17.719180017
152.383254446 15.349503507
152.536760849 11.696578971
152.749114932 13.211291751
152.754694926 12.315371715
152.762706081 14.827278661
152.881951202 11.440760052
152.991085006 15.155982409
153.125360371 5.172018368
153.205350244 13.267027187
153.401398031 7.4511985240000005
153.411489631 18.181101343999998
153.511156425 15.475637736
153.575911361 10.432331598
153.652477679 17.01944209
153.915466088 7.063864683
153.987160538 14.849900678000001
154.147711152 8.900801922
154.186249261 12.945422504
154.395413508 10.851080036
154.415440767 15.077883675
154.418469281 19.588933676
154.450606416 16.01441001
154.505530611 8.455121439
154.562457045 19.131766877
154.774355004 18.341822299
155.285402841 8.033306232
155.441264536 7.888604372
155.447503746 10.501061327
155.453127376 12.409688603
155.459038813 9.208301634
155.46519648 6.710744903
155.493580876 12.650419005
155.605847399 11.160262598
155.615255572 9.164231104
155.662341435 11.817658077
155.667882151 13.826085897
155.670712009 10.323715256
155.733105717 9.88310786
155.855251758 14.514213656999999
155.896529355 13.854487918
155.930392793 12.686637048
156.054082356 7.700356364
156.241756063 12.797555168
157.345689552 12.19894715
157.394156983 14.45085852
157.395830434 13.450940808
157.520920868 9.367360247
157.60693621 13.061251589
157.671865455 10.319581136
157.733553898 9.98060313
157.736879116 8.68206473
157.946010332 13.901060831
157.952199786 11.200684407
157.959231012 15.616816028
157.966787964 9.412666196
158.027787905 10.374990655
158.085162548 9.831514968
158.093065064 9.639046072
158.180750901 13.43464259
158.270948617 15.828423892
158.33846753 15.595447639
158.349672823 14.104411822
158.453606118 12.806079341
158.482921217 12.735181424
158.545803168 11.894459627
158.611714792 13.765445786
158.667569443 15.023080675
158.672272298 13.225103625
158.862391278 11.810505296
158.877748402 10.223516328
158.884141594 14.538744505
158.990805928 15.246191712
159.000528052 13.45314629
159.092960868 16.550190436
159.199388511 12.848533758
159.199680804 12.24792047
159.209225952 12.057238306
159.330573041 15.986598819
159.349307286 13.198792851
159.365965777 17.223803384
159.402153233 12.850954166
159.425930292 10.571374136
159.460214918 11.406759066
159.513937619 17.571994134
159.587298095 16.944376977
159.630213076 11.77708693
159.746070456 15.100214833
159.773026709 17.530704505
160.8541049 15.807508537
160.974341937 16.82920608
161.205952771 13.753532206
161.451747451 8.891447441
161.663792011 12.508793202
162.454867612 8.492329238
162.63014509 9.068307984
163.26769603 13.511842652
163.373389898 13.918048202
163.458328241 10.597627132
163.588429606 9.425681282
163.690318268 8.325966103
163.855234111 12.697031822
164.094114683 8.128937074
164.505999365 15.150744007
164.627518445 13.26894589
164.677055361 8.91213394
164.683067474 9.619068689
164.684211475 8.618942864000001
164.690275211 15.134740009
164.752842445 10.990664355
165.168657901 13.309261134
165.35817179 8.090780853
165.458312975 10.694766632
165.572183584 11.30932822
165.686214359 10.722310813
166.153323324 9.486915992
166.360017789 16.704282526
166.373729538 14.113905396
166.386738863 15.729450322
166.492943322 14.132937508
166.572001642 16.615789946
166.577779439 10.011494517
166.626876474 16.169859938
166.633422572 13.171763488
166.648275821 10.983481774
166.680575373 15.422167403
166.703802333 14.944579458
166.949060442 13.787859437
166.964220283 11.800081632
166.971482507 15.512705134
167.149021325 9.681337312
167.254931676 12.591492689
167.341563413 13.679466864
167.42331563 14.061811807
167.535393737 13.172452828
167.602232661 17.245314845
167.667603182 13.604955216
167.779011264 11.413135024
167.919257821 17.662524992
167.926106351 17.168633163
168.025022274 16.065537232
168.291126898 13.727859572
168.375409849 11.308298083
168.535910826 15.474844594
168.561443695 11.594537783
168.566003296 12.099971045
168.931750497 19.075736769
169.062241606 18.505129764
169.226243147 17.166606741
169.357239908 17.698130701
169.438812842 15.576443151
169.575082315 15.111960884
169.627999794 16.967626295
169.660989483 19.604635966
170.512701322 15.248449129
170.51450573 18.054347677
170.517511431 18.958493214
170.522022924 12.954200845
170.526102383 15.662372998
170.528116553 19.470089705
170.533156658 17.772648053
170.697003673 13.930400875
170.837840139 15.373322018
170.973961353 10.701809849
172.119546687 12.54864089
172.310325383 5.928097909
172.375464924 10.901238344
172.485726498 13.014924084
172.698641131 7.21790418
172.708382741 8.730452854
172.90580165 8.226420385
173.075024267 13.704357831
173.083366226 8.303869597
173.092821284 10.817354481
173.250547694 9.472945555
173.256121175 10.379764528
173.566872523 7.885853713
173.797532738 12.423417407
174.253969562 15.183698159
174.3440231 15.073531172
174.345474675 12.270310795
174.349368878 15.980352523
174.353059058 12.378064764
174.356786063 15.38676158
174.437266402 16.168340355
174.49526247 13.722205212
174.562813052 13.889913485
174.627396136 10.148421049
175.212790448 11.635492103
175.735749518 15.26316457
175.738925744 12.361956175
175.746354896 14.171972242
175.752520876 11.874689
175.939305227 14.865700696
176.326069336 14.150808801
176.512177604 11.632328069
176.583074894 11.603110685
176.593984246 19.426717447
176.678980661 19.010969363
176.723523579 15.449512739
176.7308732 14.154968477
176.739155698 14.864331078
176.746520366 13.069066673
176.753238504 16.881801685
176.761189498 15.888015198
177.063134048 20.797529477
177.552238442 18.682292071
177.55350807 14.376777754
177.557528563 11.275470437
177.561273926 17.188905763
177.564528352 20.196937729
177.569106009 11.98825955
177.893880971 22.028801285
177.899979787 20.131845974
177.907105179 25.747407422
178.019127042 16.344605056
178.02347291 18.85307762
178.169924391 25.209074191
178.438637431 22.873984672
179.127351686 29.872171109
179.133749839 22.96827231
179.140187383 21.271875864
179.395562201 28.437748368
180.002438459 29.845925241
180.008586867 23.141818444
180.052536465 21.983766551
180.189983658 13.607508532
180.350163807 21.780748296
180.416931166 29.559254718
180.427218426 10.235835615
182.118044198 13.93282375
182.231900975 16.150261585
182.236366218 12.746354901
182.240351694 8.643016363000001
182.539782437 15.456662112
182.55604271 12.464848756
182.574501406 15.290963865
182.603494892 13.814641641
182.619912931 9.723582971
182.726542191 11.533217757
182.81103346 13.521273044
182.912647756 14.927897304
183.115212714 9.718164282
183.118414015 24.949582325
183.272901193 8.874260327
183.278534528 10.78288593
183.287276976 14.09775671
183.294559294 9.096232971
183.34881611 13.75871761
183.394958161 11.199778551
183.458908227 14.369569426
183.515302986 34.560600046
183.707375202 19.328635523
183.985576443 18.204435597
184.174938071 21.498909839
184.343574001 14.352533282
184.489588904 31.228222535
184.535303916 17.051349171
184.598216922 18.616729424
184.665025364 10.566939877
184.751970527 16.063362714
184.768379935 26.299174198
184.958777786 14.066016393
184.963239495 23.18859175
185.270376051 22.894764932
185.430587699 18.547894413
185.436774373 18.754202874
185.442363735 14.349198776
185.555348789 20.375020117
185.859898674 25.287109979
186.057007878 20.776565159
186.234971662 13.138335429
186.265393699 26.093356653
186.472380142 17.883971453
186.514956081 27.845424077
186.523056014 13.526608352
186.533452907 12.835962
186.557251657 17.668277117
186.564793472 12.566592617
186.572087647 15.779594557
186.580306568 16.088197808
186.581336925 17.191484837
186.587028541 12.789454852
186.594221456 13.898287133
186.643413272 18.355487354
186.675741639 19.292066954
186.732893198 16.44124059
186.782113007 15.087689786
187.183076151 14.587252256
187.390640962 17.49976047
189.278193299 6.86680472
190.265465987 6.452046081
190.462532484 9.453476444
191.0500013 24.267384123
191.405581639 26.826437846
191.645654582 29.169876549
192.104644348 29.027940661
192.112954822 34.144436571
192.257836079 17.558515166
192.261360767 13.755885257
192.339350338 12.932568796
192.363828098 29.587657948
192.454919891 13.248459955
192.455763029 9.043006377
192.45889884 16.257154435
192.460041851 9.347753286
192.46367617800001 15.360349034
192.465946364 9.954499248
192.46741511 16.165439747
192.473432802 14.869253966
192.480712759 13.574706514
192.486754734 9.875141295
192.540443456 8.827124012
192.600373988 27.520250889
192.601500202 17.501500099
192.664823446 8.250401381
192.728610055 9.716456828
192.804140299 13.197028774
192.809979113 14.40465087
192.838645494 25.254541933
192.841249937 16.940016528
192.973957617 27.593295195
192.98745978 15.283085307
193.25132085 29.173224069
193.491897639 29.313515678
193.733579181 30.256450387
194.132612243 27.950639569
194.261640333 34.289952413
194.440352294 31.163500164
194.745324259 16.940760551
194.960973746 13.451022828
195.402599673 20.002109011
195.404805702 13.995048666
195.411471734 16.705713602
195.417042967 13.406439534
195.463830529 15.155673729
195.470019531 20.470177447
195.475658517 17.270619367
195.481759842 16.475542819
195.48943151 13.779253983
195.494054926 16.187403532
195.496599874 20.196294033
195.645229056 12.833319458
195.705568393 15.597887185
195.745867197 11.131046996
196.180050725 16.272573315
196.186898228 18.081952524
196.1959365 16.488720187
196.202864493 14.392585319
196.406296637 16.598947452
196.406313165 19.102697428
196.408221083 15.999974067
196.41294164 19.810464951
196.415852792 20.414364183
196.459303257 15.850724862
197.379178227 20.576423668
197.54536865 14.232788292
197.596503335 13.582764919
197.81928413 17.110600686
199.114577171 23.012927046
199.408969519 16.196586995
201.241187525 12.518474979
201.448382434 15.831399937
201.507281628 11.18143162
201.627409192 13.205285257
201.860686643 7.92807571
202.101165665 9.871649397
202.108801723 12.885133011
203.046277293 25.542304754
203.053594963 42.981749337
203.059277955 38.780716701
203.167927628 15.747763947
203.311804342 43.640670836
203.410069785 11.781583888
203.411612304 11.382396755
203.476002181 11.046174208
203.525883945 10.8956998
203.540638406 17.022275628
203.605055101 18.789862402
203.616959008 16.297023541
203.656450261 42.683091127
203.66894309 12.341037272
203.697267959 15.375280455
203.735994274 16.917118485
203.762873791 18.045783471
203.779172338 17.160633777
203.928210828 12.399940876
204.128810372 17.209688613
204.128900855 11.799296504
204.154587754 35.666333707
204.162370493 41.185847196
204.36060218 17.140810876
204.362676906 17.243111965
204.413190725 30.915944314
204.46981597 11.539162533
204.548418097 9.714352984
204.554154794 13.326462578
204.560184955 13.933780969
204.565405531 19.349592633
204.767888317 43.594052941
204.774229911 37.590846073
204.826890958 10.09294094
205.60232059 35.210505093
205.610429451 39.128084139
205.617783158 37.532829773
205.624914898 33.229431987
206.344339638 13.61394929
206.350154917 20.43268057
206.35549285 20.939151342
206.36359639 17.039728859
206.365583069 17.242114194
206.603815304 31.003031215
206.608575264 47.838845446
206.64433884 12.912220028
206.898499425 22.684434905
206.972271264 30.269692368
207.242242913 19.321049289
207.609877386 19.087641024
207.655338995 23.341069971
207.709782154 21.692159755
207.964657506 22.147365803
208.014309104 29.20841673
208.228730646 21.509979249
208.323917181 16.194551787
208.38573803 17.358403255
208.483751635 37.891526071
208.543471411 17.115408773
208.614373917 40.226282993
208.763840747 24.048849057
208.885429238 21.264944791
209.128389501 18.702358851
209.131893026 22.713663861
209.268025868 20.344951798
209.268839335 20.245571448
209.450207479 41.565564064
209.456741378 41.672205592
209.70701251 49.935670746
209.960846548 34.259964396
210.146486566 13.008328122
210.215287659 34.714623436
210.365385052 32.460672582
210.72383459 40.031421052
211.145394973 14.407925057
211.293890082 8.947877756
211.397746445 13.658589018
211.524375738 11.882366553
211.642497328 8.895853244
212.072575823 16.43719377
212.291008951 16.755834965
212.335530115 7.5855533170000005
212.399043076 11.354981598
212.409768036 12.467226053
212.674943244 12.231760865
212.913411535 11.368623134
213.030553427 8.080364271
213.131841932 16.194009302
213.703490293 10.255867307
213.950146187 9.801402918
214.190798796 15.350036841
214.340662268 10.692754826
214.353952718 15.212827021
214.53544837 17.297170281
214.541456547 11.995148195
214.54794149 29.231861069
214.574549933 18.237934613
214.595999992 12.14981517
214.62574627 15.584721984
214.660881644 15.119066063
214.690265715 17.151496818
214.731357096 11.38386765
214.755695432 18.920008963
215.298321393 17.959870157
215.306062444 16.064789395
215.314786306 13.369385977
215.323079585 17.884522828
216.221994639 23.692039448
216.486319841 14.741197913
216.574841472 16.231776271
216.591786092 21.256967466
216.810565404 17.46913723
216.988660049 16.445390434
216.988773799 18.348272482
217.170070974 12.52023074
217.174507514 12.925625587
217.263969036 17.221285645
217.318822354 20.882031991
217.324672958 20.687386256
217.329200904 21.092794427
217.331079547 21.295090469
217.332695525 27.207286386
217.335030175 14.2879899
217.336254468 14.389362075
217.440026322 19.400441983
218.366599055 16.721683431
218.604688628 47.611675463
218.631688257 23.697473
218.687306896 28.96267515
218.833816716 39.727488116
218.857309533 16.010588607
219.230561169 51.546267758
219.425718476 44.926748208
219.809005444 52.826053391
219.81302988 50.823874064
220.015922084 48.221370393
220.297723715 42.29291452
220.489192553 36.875994715
220.684742822 49.090480115
220.882934885 42.277336612
221.076528014 46.176825984
221.272302154 48.976946187
221.327557444 37.814523571
221.37288766 14.218809414
221.608804902 16.75872127
221.613208545 49.518240067
222.268967758 48.371252517
222.397255089 10.933839159
222.442365186 14.286566515
222.662138292 13.104338058
222.663871013 16.31113439
222.719021432 11.556100024
222.738863835 23.998190974
222.773076577 44.467931203
222.794385082 9.427166445
222.914571644 45.911484278
223.054839376 51.160128834
223.478465682 11.113094078
223.520726526 49.222221739
223.598569438 41.387651644
223.752786441 8.983061443
223.837394668 47.335009103
223.992150541 11.125813085
224.027107567 43.118186454
224.058444985 42.748826012
224.063421233 47.160497039
224.213965128 15.857924416
224.219052819 42.608991663
224.219333931 14.258375415
224.229305443 16.975048194
224.234090063 10.365940908
224.240111732 16.184556114
224.317016869 49.116843072
224.330269367 15.273116023
224.452102887 49.852976117
224.555207798 52.560385307
224.612981384 9.54268736
224.640890217 58.759543923
224.676908107 47.273114294
224.714483605 19.5638421
224.792503718 37.773163706
224.832447929 29.597735209
224.897293623 42.586140016
225.030158014 35.004956038
225.033248505 35.509006082
225.268661662 35.844608421
225.455821054 15.094277245
225.46122838 17.205315501
225.467699699 19.816222927
225.472535717 21.023037072
225.477305477 19.925969496
225.482468241 17.52709653
225.506526432 34.67962668
225.745876238 36.923008221
225.984391178 34.155626245
226.219435394 49.817335125
226.239513189 35.512873982
226.249263718 31.916188709
226.253876742 24.108179888
226.261376604 43.549625892
226.267906284 32.235121526
226.443969996 17.787398295
226.451800212 15.389023014
226.458700088 19.905632917
226.46678259 28.126753983
226.474149661 22.625913994
226.785829475 55.291886308
226.99572486900001 12.927167899
227.023178673 13.856319332
227.023486947 42.108150771
227.247870939 21.796705988
227.262589313 42.247160321
227.305593612 17.647673643
227.435895609 19.680813318
227.506374862 54.209458911
227.586178622 13.317267678
227.589086682 14.021498515
227.592919853 14.926927146
227.666933688 14.199496992
227.692763533 22.642347116
227.699224605 47.491279325
227.706591845 31.169524146
227.713724325 35.985086056
227.722081792 23.172467356
227.731276465 21.879478066
227.775791946 56.482243413
228.16693477 15.901800682
228.180968539 17.919534392
228.309510251 13.139093303
228.310846157 15.344296096
228.448888229 35.317826305
228.533398495 21.479551679
228.882613426 21.227772289
229.032865939 20.57659235
229.039395644 30.799526511
229.105259993 16.539465893
229.107858793 17.243693138
229.124236712 46.212232341
229.209090954 35.376729631
229.286179466 42.968084903
229.418509828 27.172629651
229.468827752 45.555279515
229.707014608 58.313248366
229.943550439 57.147354286
230.215708991 54.414711342
230.351384453 45.235843573
230.357762655 49.248602871
230.365617288 34.229434262
230.452692337 60.662018587
230.690030416 46.576153967
231.035536863 57.838748237
231.273588725 49.162828069
231.417215832 40.891100021
231.42345909 32.98327966
231.430633483 33.491156795
231.623392486 56.823855188
231.690721449 38.860169986
231.759227331 62.068814404
231.926548635 24.371805749
232.044334792 47.529821176
232.049252302 28.100905287
232.061052974 9.177022421
232.131602206 51.322837511
232.406391335 6.617785174
233.085507202 51.175081909
233.432602743 41.503744309
233.537382529 44.91485545
233.543893667 48.027333998
233.58766087 32.6437738
233.591507929 42.463953211
234.052417536 54.044825772
234.168330579 34.025494127
234.188240619 56.98479677
234.192346757 10.407106799
234.405171198 44.179568061
234.564063772 13.983666221
234.891897095 53.682436131
235.498539446 34.254204271
235.505918751 47.384364771
235.511310977 41.2783231
235.672255056 12.487733134
235.780726354 55.272350588
236.031777473 56.524791941
236.15852961 15.77844785
236.16216276 40.226379099
236.27721986 14.294624946
236.40982009 33.162503184
236.414858196 19.741583376
236.420890846 12.034670564
236.426961309 10.738572774
237.167695421 11.879977746
237.173605066 21.802728598
237.178687792 27.821152605
239.332847388 17.149937396
239.513453064 23.341005868
239.814437527 18.833467891
243.230017839 26.055925194
243.505192374 14.611777646
245.589989378 31.120737738
245.858281336 15.161821846
246.450469728 18.358387126
246.692231144 33.926087677
246.737103248 26.757557495
246.802613198 12.40050973
247.03653509 15.138342989
247.200226876 11.79602255
247.692928506 25.409874012
247.695805252 24.311014317
247.840307463 37.679072977
248.216806458 39.460092665
248.468502535 23.08065819
248.585540759 22.095950789
249.123501347 31.348097113
251.212158669 31.533140416
251.974686085 24.383405859
252.171805648 19.472332394
252.755850131 40.590962576
252.764105641 35.890452023
253.570754306 34.092064032
253.577145078 44.720326728
254.040906391 46.185661523
254.989939454 37.715664988
255.444712395 44.081483128
256.023695775 42.055346803
256.030390541 35.550181148
256.398022259 45.435421705
257.097787028 34.113561181
257.104496141 40.731743516
257.350827973 34.767221429
257.57344857 62.939668139
257.662547918 71.444682152
257.817432256 44.149618781
257.849587274 45.784935781
257.93948633 40.965693557
258.186306075 52.033856289
258.208824123 49.652413851
258.447452423 48.38639816
258.748822351 47.485726745
258.756053419 41.682108292
258.766570133 34.881122385
258.772691184 34.586747214
258.782029799 35.297126189
258.923837086 49.163184756
258.930782431 37.549126621
259.381967671 52.428354172
259.625783472 50.168098343
260.759755461 65.72532789
260.76330223 48.79888215
260.76852149 43.19356518
260.773100895 67.541826338
260.779565052 49.115847628
260.78509851 67.153155103
260.791304302 72.970359594
260.795078464 59.450600336
260.800568986 51.543188743
260.806510888 40.526568068
260.81148897 63.773497213
260.814573816 70.889545114
260.821110924 42.344398927
260.826061996 56.777470617
260.83151512 63.99384861
260.837906696 71.213519825
260.843878388 67.813000687
260.848108957 74.730360432
260.853169699 67.32136183
260.860697929 59.71647771
260.86246536 57.114374693
260.867780791 66.734841771
260.874015325 73.153303396
260.887322224 72.665570478
260.90071399 72.879286602
260.914542773 54.060952814
260.927653031 58.281221808
260.942082005 48.476511749
260.955856711 41.376950523
260.969759804 62.83000192
260.98328609 61.140962933
260.996117464 47.228079184
262.104829841 60.05922499
262.109524534 66.974957631
262.11418811 51.251822169
262.119654137 52.962398158
262.124527376 56.072419666
262.129432771 72.304688877
262.135213347 71.208187129
262.316367472 32.721767281
262.589775771 28.888786556
262.702509817 35.912351514
262.850206213 75.329892182
262.855703525 59.70852966
262.861615397 59.313850332
262.866507539 53.005706
262.872484534 44.796544874
262.878346009 40.495122995
262.979655329 30.580618325
262.986099392 33.792100957
263.78176931 52.017860188
263.78821816 54.831218565
264.18469235 32.787260772
264.425381284 45.848453487
264.673296677 54.01124456
264.914483786 43.132152901
265.155761568 70.622157197
265.371586802 58.91867782
265.395211809 58.040828948
265.63872571 29.032624749
265.747916316 22.229605389
265.862697689 50.892649044
265.869285954 58.414721289
266.119876324 68.280506928
266.35456957 50.48265954
266.411474739 19.787548762
266.532405803 18.105688334
266.594372127 67.653480955
266.65454798 29.948319972
266.718254552 50.645995277
266.744030493 48.367473437
266.782001726 9.540183059
266.834241695 42.548163167
266.92874284 42.34213838
267.029618576 35.932635113
267.035447293 20.010805808
267.061374503 12.824732326
267.075203958 71.640198315
267.150655631 42.664295488
267.156151579 30.850437705
267.161863402 43.076121782
267.166361872 40.876989364
267.237950649 13.902747148
267.470303086 11.630907521
267.509846911 32.907322336
267.649036574 65.803776127
267.703176555 26.188083798
267.744403028 30.737613668
267.913868748 53.244304001
267.916158058 15.682679334
267.921454833 33.118569193
267.926792066 39.133685489
267.932175435 54.865430901
267.937588888 38.943925431
267.986667546 12.247380331
268.111377516 70.472381632
268.173609248 32.268576350000004
268.17774777 56.614135345
268.269545247 11.32822169
268.455024286 30.446319873
268.562143779 52.089286228
268.637748034 54.26870243
268.714870947 53.444213026
268.989727252 68.14606259
269.039673748 16.105192678
269.044724557 58.482818551
269.093397111 24.673359582
269.231320955 75.899955515
269.37819101 32.070861633
269.587860818 36.48769642
269.638405663 18.707175513
269.698302173 22.573550238
269.763021772 48.982371832
269.800332197 50.922621114
269.807344398 48.525941646
269.813729909 69.07017882
269.825300395 23.702289973
269.923829789 29.109987206
270.05015042 27.03271746
270.068722239 71.528371652
270.410809292 16.875237411
270.519325197 65.168344122
270.635214786 16.09794789
270.752396267 69.307737864
270.883904284 71.141717757
270.89100868 49.008598887
271.008490931 70.365029649
271.200573811 32.190080023
271.265454255 51.185786712
271.489032516 28.571756543
271.50259377 77.069204646
271.543050823 28.32535273
271.744779633 72.303114891
271.757187544 21.12646537
271.828610024 22.299654826
271.979784424 57.410453623
272.000200592 53.022410503
272.183266343 36.979400015
272.193253923 30.477681784
272.215491504 78.783829323
272.225605144 21.494713057
272.366408783 65.612969936
272.719992747 66.968352732
272.772080986 22.942643954
272.776749413 18.039201377
272.78360537 39.483167125
272.789226753 41.091309428
272.957401319 48.971796853
273.197404457 51.114641009
273.481822068 62.719604343
273.718785706 77.983270499
273.791426634 69.442314848
274.495401575 69.244532517
276.398470872 32.178740478
277.040127957 20.299212126
277.259200852 46.262372658
277.517875383 30.593430973
278.813752216 61.439273545
279.195318292 65.928283213
279.425497301 24.086844202
279.429788628 49.033803011
279.434463765 23.795305961
279.43954193 11.780873564
279.808016889 37.491608316
279.815251363 26.980950802
279.95774701 45.655739859
280.201259698 34.47878504
280.207147885 54.618920628
280.394101849 16.841469538
280.402105263 52.009438896
280.40730261 24.467802663
280.414728939 17.362850351
280.420103482 16.266526039
281.033697592 24.693592843
281.713111028 28.478079268
281.71321814 25.573429512
281.717979041 39.601848748
281.723833613 60.141809929
281.774742563 24.73322273
281.839891596 43.330306618
282.029925983 26.991784023
282.111790583 63.334387356
282.342106843 46.737572941
282.810440471 48.909197853
282.815312315 72.35361966400001
283.089921209 38.169035704
283.331463772 62.250254637
283.70684499 65.831210986
283.950540881 24.905452256
283.975028896 21.123477668
284.216680299 29.37892925
284.600203612 41.182109266
284.610777717 36.48456022
284.796321766 60.109638153
287.426078825 15.660794880000001
287.555577212 38.928540178
287.697824122 27.05017616
287.808711006 17.746566299
288.588103757 48.776130906
288.887567286 61.196121211
289.33705647 63.147892643
289.340866949 66.857446076
289.343395167 40.014696799
289.687912731 28.238857106
289.688145175 59.993403668
289.924045013 32.581992704
290.046904813 43.222607476
290.212869294 14.140186657
290.289339465 30.643326906
290.290031738 25.135004336
290.346366487 63.75663965
290.466030108 22.607103892
290.510228212 69.028476311
290.520969456 58.522575417
290.552793546 37.918713087
290.62498946 55.120663388
290.680866484 50.468065654
290.686996034 39.15462354
290.693124792 43.968962415
290.850179247 31.604758279
290.872069418 42.044158003
291.123126292 20.459711586
291.231535723 59.934278319
291.332538037 40.200845901
291.440219943 57.639122177
291.470737829 46.249121623
291.49291867 35.052626525
291.547919937 64.457263701
291.660495003 43.734627698
291.668271228 17.498866727
291.931303834 40.89988605
291.937292575 53.127253589
292.296338504 40.563629868
292.541048824 76.769354967
292.7828061 71.100602935
294.188129494 87.534804673
294.387316713 68.899235768
294.428260687 58.623372385
294.564022611 74.684693352
294.697927445 56.589106679
294.828350433 56.619297264
294.939702852 21.471301972
295.285083158 56.074076783
295.73992863 46.010669749
296.119609719 66.625212017
296.358905399 46.028654741
296.87964734 74.195938006
297.498448825 57.786563865
297.739738975 50.514882325
297.746820451 71.75792641
297.925372687 56.109643567
298.393118249 44.256661102
298.588073329 35.235857757
298.648965768 74.963843286
298.901985361 17.32014707
299.027890309 45.392156199
299.027987032 35.074788761
300.6168922 17.432627725
300.811045371 46.975032486
300.867067328 50.336582364
300.917404835 44.076287525
301.067882273 35.61230068
301.335323333 17.750461546
301.379406254 25.807622691
301.524353226 57.404816338
301.561862108 37.208020135
301.636198802 26.665592104
301.66289551 40.714720733
301.742685771 49.008482199
301.750667922 83.574646766
301.752778959 68.852943977
301.856812235 23.780803689
301.980525368 25.106439908
302.250919538 25.777585882
303.404488291 21.121656688
303.711877477 44.266125875
308.659796657 42.903761907
308.923009816 61.598007748
309.501566639 57.167952803
309.536266441 47.586330559
309.709987338 27.727623483
309.808452878 44.252652042
309.903274826 75.400955175
309.928043457 46.07494355
309.954813938 74.851120126
310.02504174 11.914072919
310.155801182 62.129768885
310.207599208 18.107263083
310.390305627 40.829107701
310.487511336 35.116109517
310.495998551 15.190141071
310.612556009 32.336244176
310.634026773 46.981320093
310.757869782 30.377926112
310.969469165 20.271377305
311.356855487 32.579604433
311.431507218 83.439624903
311.496558457 69.280274939
311.595662613 27.810515695
311.699694437 53.956990223
311.806714005 49.556194883
311.835218988 65.311501522
312.043313084 23.24827966
312.045171122 25.353448426
312.130200108 43.770584098
312.2593766 32.079728971
312.439219251 58.503085554
312.690837233 22.593917322
315.435322809 71.415940401
320.226103468 56.773657794
321.073784945 74.7503887
321.078687287 13.151411939
321.183744824 46.313371043
321.468092644 77.649178805
324.397528931 55.337035516
338.042347359 114.457362158
339.79470838 51.901130858
340.409323551 26.872898164
340.414078698 42.904189496
340.600146337 114.511112234
340.741312089 24.400910385
340.91282121 67.644897665
341.010157153 41.99771821
341.243698403 100.229482467
342.42370147 32.292876118
343.185031067 27.845994453
343.469241108 57.981140216
343.923236415 84.37739904
347.163900881 58.96984243
347.163987776 107.652438012
347.36406232 41.13967116
347.932236239 78.771622173
347.933607998 75.967839225
348.16271953 82.907409388
348.170684835 70.59546241
348.177302186 49.365299509
348.18296767 106.166905175
348.243657479 103.122446334
348.508046552 110.69967625
348.512243482 97.079987662
348.51371325 80.454465269
348.51878359 63.731791641
351.316566524 65.327530608
351.32197128 85.265493807
351.847063403 113.237298558
352.082443545 48.562690823
352.317749693 76.044688335
352.450546572 57.845733291
352.906756289 111.592006875
352.917616559 86.761048334
352.954330875 61.855734531
353.197050193 64.902762891
353.281391566 33.534459821
353.41816999 105.692535958
353.573417959 28.517516494
353.959939052 67.168028884
354.698954439 86.239256153
355.256584706 120.353601661
355.447879274 115.836157645
356.250303603 87.390070925
356.697953092 128.90635456
360.314440542 130.01862023
361.158921758 143.68422061
361.429347036 23.751693565
361.660575319 45.11989834
361.736900994 44.494822602
362.035437802 105.394761375
362.38547507 55.359694606
362.550046959 80.868059558
363.253061714 30.78429891
363.2582237 54.629760608
363.26261462 16.669080936
363.268610512 105.325577634
363.274945777 110.741056128
363.278802348 122.865500351
364.760502877 55.731445241
365.062992844 60.842094687
365.300018096 142.516159813
365.355344155 14.354491797
365.573230655 46.126772595
365.672948941 75.676219663
365.862031261 25.479285417
366.038125665 52.601857687
366.039700064 18.144022624
366.04250022 131.33981387
366.665842873 46.718591893
366.867907715 89.192484671
367.012485573 60.287286908
367.342539268 146.662011242
367.595713945 56.162568888
367.603518746 58.27405768
367.736105933 123.215836077
370.792749213 10.275387395
371.801507982 104.643532234
372.425134983 99.958567837
372.430318591 126.908272156
372.556079664 35.579527543
372.855309126 78.751112142
372.892744804 82.395080015
373.08931497 84.194132309
373.801016749 73.987297434
374.564453239 75.952767259
374.568201949 108.311422486
374.572732846 110.81988376
374.577056994 117.134846637
375.420586107 110.66608293
375.586434571 104.021500865
375.588063783 22.082761079
375.591585933 26.193406295
375.594442652 19.48485534
375.599333971 14.781457492
375.720091398 39.845543772
378.008569101 153.021346926
379.049231948 137.834698929
379.057211232 34.767614191
379.065308354 85.161452976
379.073210704 75.152821352
379.08245249 74.160176605
379.089213904 41.611921682
379.100099565 109.639002916
379.10881503 71.682424697
379.117543057 73.894745885
379.12614235 34.435827567
379.134124564 56.482122336
379.563677636 69.733364549
379.570212491 63.129622505
379.909649478 78.593561197
379.916542509 142.007975961
380.616730035 81.103619898
380.622352271 68.688350336
380.629215028 58.378009354
380.635707757 155.848835356
380.641837979 59.792973745
380.92705247 112.267024669
381.221597123 128.186931559
381.227105734 77.807453303
381.232070182 59.481897232
381.619951095 63.576458992
381.633652135 39.347487106
382.374752152 59.62265485
382.663024536 73.233182114
382.769843419 43.68934813
382.919055935 23.002731437
382.923509651 102.944258341
382.931918405 73.30182113
382.945027655 90.243485862
382.973424342 117.117245753
383.026085304 36.332361867
383.032657095 89.930450842
383.182861215 94.788453213
383.430999799 72.098085163
383.453667594 29.647937263
383.50231161 113.740905204
383.612245038 105.836671428
383.652822327 109.182969642
383.676906891 77.252184196
383.88893786 24.3733255
383.961763537 88.255055878
383.971050476 124.625525443
383.97234861 126.430040187
383.977605801 84.564687384
383.977725008 27.266994604
384.006558795 63.458179183
384.062106488 66.920232047
384.151178466 47.074495324
384.26316768 24.54717131
384.269985571 58.412758309
384.725487619 67.383268973
384.923182576 77.396638849
384.92999752 46.65142443
384.937319735 25.121183257
384.987356685 79.964902237
385.029640187 26.115287854
385.270912429 32.166201783
386.459843968 46.37754846
386.754088879 50.278376924
387.651343441 137.220987916
387.657677102 44.169518576
388.137609198 59.976155917
388.278905671 149.368603559
388.449235568 144.730482453
388.58534938 63.329102484
389.437723692 74.399175903
398.016708866 68.653799188
398.258446149 126.893778141
398.535013696 27.400749910000002
401.004415688 90.773420759
401.940020988 24.595164617000002
403.053768218 188.884990153
403.173372388 88.034718603
403.969791358 13.004278639
404.266941237 134.004336844
404.418687706 38.292312368
405.003337684 142.352087005
405.140744034 146.19582391
405.229262158 135.066883185
405.423814207 144.375500402
405.478278003 142.927149645
406.617759051 130.244537256
406.935129582 15.168423746
409.573557121 92.932623195
409.896532807 57.793546419
410.045694365 193.773115602
412.377185623 51.058476653
412.696670536 64.600770921
418.490003912 143.218817641
418.820196948 139.942728586
419.121327212 61.709604973
423.479282424 17.390401861
425.214519313 108.974240401
425.246156712 127.836469816
425.521766248 34.356041599
425.569698443 180.749049196
425.58094619 19.391823372
425.649298292 158.691535197
425.668667361 75.769596542
425.762568098 121.441539647
425.76648771 83.280069676
425.919653457 56.688418671
426.008295938 146.730096616
426.401380058 136.204339774
426.40690339 112.269670079
426.549190398 170.309224388
427.491239895 122.168343027
427.495416333 112.557100215
427.501090846 87.018057898
427.506809296 87.725056781
427.511602484 60.68422964
427.518300341 56.584382093
427.710991846 169.667683463
428.039323953 182.116547057
428.394313993 19.000367468
428.739000228 90.159492199
428.994283181 149.315289467
429.123827857 114.886501735
429.283513684 198.687260261
430.180694931 146.796206908
430.478936946 175.34066949
431.201209769 154.427320781
431.513408193 191.601200796
432.495301696 42.230955655
432.501086375 29.016313591
436.919097028 73.496904962
437.125727816 56.475690569
437.129046861 63.390309113
437.129955728 54.677198227
437.146805497 32.059468771
437.216719131 141.309737839
437.350409797 102.177257918
437.569644518 24.565921925
437.725364712 23.018334008
437.984340114 112.627959877
438.502302071 71.174306868
438.652109954 208.757097713
438.66081525 115.608250852
438.738975911 195.120481518
438.776214276 50.715430002
438.892322073 116.540875427
439.053281676 101.676165329
439.511035616 181.66818091
439.845791602 44.573354444
440.413738489 65.372487839
440.413884578 101.734211351
440.418666416 60.769949111
440.422089297 88.719956807
440.425959436 167.658882339
441.269126996 103.19091336
441.595901928 117.641875053
445.960353304 25.544384403
457.257468075 129.597019278
457.696611695 123.124700848
458.309818719 207.077967017
459.782546083 70.31926111
460.21100401 167.309108006
461.68222738 122.200961624
461.820325752 156.196958224
468.299516352 222.476955708
468.368376346 33.127864596
468.515052363 42.089442746
472.258020901 175.24907425
472.54240106 191.661744761
479.716245617 63.706991054
480.224588248 172.597889414
480.316033425 212.05650884
496.971038269 122.530826736
497.265097509 224.898648674
498.024505034 26.926200343
498.024541246 159.244724023
498.623560976 181.18112424
498.945404025 122.101233453
499.19758694 263.192415763
499.20489554 187.471218403
500.613384004 74.588528498
500.917199967 83.105042959
501.164147128 42.285348375
501.168949048 249.235954682
501.302435099 183.75982271
503.204360861 130.266646897
504.106874154 79.884923051
504.553460197 134.72133573
504.66867385 37.877290888
507.096115378 16.166379139
507.689300711 104.30474821
508.157906488 161.364036606
508.295425043 165.508490928
508.657868847 102.368629253
508.679739681 215.176572545
508.966827765 88.851164198
509.142444476 33.437212412
509.210981395 189.664281241
509.325797487 73.083384285
509.54980277 233.577248079
511.166759143 214.458480819
511.166855044 234.192646806
511.211855003 176.23912898
511.84135646 163.344824793
511.842962099 162.04407809
511.854473511 225.965601118
511.865130516 127.309714473
511.869046954 17.03418606
511.873447104 103.581160532
512.006203898 272.895518005
512.066944974 35.260279221
513.338975483 126.880706465
518.148813475 251.691732287
518.22751597 63.855553707
518.449015455 244.680063921
518.569130513 70.407454422
520.848842602 268.415059834
521.385918661 25.750057586
521.737662636 239.154281967
521.744736989 85.702568342
521.803892417 121.023389766
522.379356493 24.539942256
522.383869515 111.483461616
522.389224154 126.816257298
522.394002242 73.631234258
524.367296556 324.124379769
524.496474647 42.381210567
524.824298207 175.225759345
524.868458797 243.88757872
525.014381602 37.690067609
526.212048671 165.894954771
526.218145874 277.490973631
526.224071279 157.293327288
526.229515259 139.671079644
527.381073592 108.967924749
527.38623162 124.201933295
527.638361404 111.528936307
528.01068579 162.48511837
528.712908955 170.499684111
528.718189921 171.606814691
528.72449608 118.625439032
529.595830407 176.691340939
529.741634402 159.108189508
529.804058473 183.310645829
529.935643647 69.855069571
529.968745789 193.993961857
530.072376238 281.14429075
530.275872365 289.66225502
530.579086672 98.443831714
530.8978882 205.741713939
531.054392563 153.108499359
531.173856965 156.934065434
531.482423537 305.593712376
531.526847794 120.326031495
531.531489875 94.086948396
531.536396508 117.130045443
531.540720734 136.669224672
531.546411418 67.259057815
531.553302732 229.035224718
531.558973008 221.027382831
531.563352915 114.95321157
531.569559366 212.623914935
531.575000165 178.971221518
531.580820094 272.936422663
531.587168554 301.591910774
531.592728361 154.848721844
531.597791975 173.584816275
531.603252785 122.810126786
531.608904144 169.689125158
531.905980481 216.366732077
532.011400375 196.637836895
532.020348366 219.785847462
532.027074992 271.78015915
532.036290668 210.386329142
532.043867355 138.274008472
532.052791492 244.96042249
532.061407293 181.461164963
532.069555579 75.694578384
532.076392044 250.194127801
532.085390064 245.894532868
532.093045388 84.131852151
532.100900415 152.9529948
532.109243173 83.847397559
532.117008158 187.727235731
532.126115288 207.771421679
532.134805117 165.407681602
532.332166769 74.254583805
533.49266144 89.537582125
533.500091334 215.155924888
533.507732377 226.982887588
533.514263193 174.399498848
533.521915817 141.655114787
533.529778337 145.368764126
533.53901692 121.336640679
533.545179262 87.386959311
533.554526093 216.813370129
533.56018459 64.665165333
533.567480105 81.699952986
533.572727014 248.284908754
537.185545481 42.651090841
537.641651241 118.527668684
537.790436259 84.220106977
538.028464947 210.768762855
538.272398744 156.32047087
538.431609282 39.891338034
538.7591348 87.192054198
560.464311204 319.049354319
564.018669592 109.546507481
564.247147485 90.144069224
564.552920724 188.309603378
564.559158083 336.667455637
564.563272007 271.761637669
564.631385111 183.680872516
564.666172981 83.552882991
564.754160589 112.48618426
565.013087589 187.768417671
565.064134922 331.563410566
565.307395534 93.10762215
566.942381039 350.970317039
567.54322619 67.801334272
567.914878062 186.06313584
568.226652706 190.080333821
571.914439596 180.848768197
572.290203643 299.623336937
573.617384026 125.756366972
573.640420686 336.533487119
573.94843017 87.325240844
573.951779313 184.789113936
579.251339699 282.943719262
580.921298877 111.425183837
581.420272961 120.137570791
581.504761889 229.101386484
589.207173051 190.329214278
589.702156794 183.813593047
590.37999887 119.381832459
590.385921431 107.469321991
590.967198748 145.610207334
590.986317087 323.928425651
590.995771833 233.38367988
591.109375136 144.350120436
591.315213601 110.101628754
591.316191852 143.254777666
591.32348849 361.228037598
591.348207458 188.364198175
591.437830664 246.346918743
591.706168271 135.130885011
592.086163952 227.762289038
592.092806294 207.437277344
592.344258843 280.009485583
592.357532584 311.076111719
592.459540973 240.456794392
602.800412166 363.489221866
603.035184518 179.91489188
603.040819214 191.038640019
603.325832538 186.315062724
603.516394361 269.845872451
603.676290037 115.550715934
604.193406961 164.945937934
604.234687615 236.806577
604.234707244 155.271561667
604.302884934 219.046543696
604.704744807 152.236383536
606.459602659 186.744639996
607.140602184 168.293751615
607.14615998 250.836192844
607.15158806 202.164450669
607.374852063 145.29081924
607.381889031 164.829047487
607.388850878 125.373810471
610.050714641 204.061975337
610.530819816 132.622530086
610.595988649 357.461159954
610.665299593 197.962120447
611.381689604 383.890515292
611.73447429 263.538460213
611.980408951 119.949049821
611.996094594 308.676700874
614.638019919 189.614744658
614.901544484 249.976839364
615.073085195 227.613122707
615.465607469 212.381416024
615.473066427 383.274304522
615.576172768 219.10176854
617.122505368 123.088680711
617.166665059 233.912949712
617.172089234 362.835312701
617.467904917 231.109813322
617.679485858 125.147594156
618.066606614 155.782249023
618.198329267 385.599013383
618.313292552 181.770391676
618.661238248 217.980950331
618.667537949 240.120689404
620.915960484 203.304121014
621.381110984 315.857905296
621.486616151 303.543277252
625.068662787 218.378814028
626.03446438 152.732790453
626.037573987 317.308850401
626.50769721 266.491191443
626.778340697 195.143837949
631.707956196 347.521979833
635.113890898 260.273017172
635.124340419 147.699917215
635.175759942 148.452432385
635.743174266 404.546042258
635.878915588 327.450950227
636.141489689 152.323287464
636.148892366 387.922469299
636.231909337 141.497195674
636.260769714 232.074870022
636.826674998 156.815073441
637.071301763 211.346962915
637.527441946 379.083497511
637.533921419 217.31817793
637.56946038 340.76089418
638.654746756 236.371805833
638.661124737 196.709139244
645.268994762 289.459915033
645.274818615 205.626678221
645.451541379 197.089494435
648.702349816 220.674128544
649.030794992 351.220304523
649.165493468 373.6938517
649.267369284 296.763868362
649.291057457 163.469374065
649.42818012 314.154843672
649.60643075 404.986014231
651.300331663 226.076795578
651.307198906 199.63999067
651.31912529 234.508743065
651.319963559 165.097540589
651.322937915 344.096870968
651.914575471 404.088856373
651.916037275 277.375661472
651.996470525 294.48461146
652.00376233 194.326685668
652.009838804 303.012274432
652.07259863 248.487651533
652.073590358 266.917409623
652.285031512 261.720252097
652.287033899 276.244107383
652.290658543 310.605378612
652.676799071 162.648449398
652.683498138 296.0729773
654.304086032 207.144183728
654.821098239 289.796178766
655.108697093 381.03943844
655.113631687 239.404924045
655.344812429 394.196279615
655.541215776 355.427160082
655.576996394 397.333443691
655.641089281 191.754292512
655.750680875 325.78666128
655.911761757 272.5579125
656.343763891 249.15310574
656.47304296 282.934568214
656.629785095 353.5107581
658.484390245 249.390901618
658.507131076 161.969754854
658.67121522 192.480836671
658.736212052 197.253140284
658.843300357 327.677307583
659.040109339 364.635529859
659.048418752 428.552301181
659.05378498 214.297606723
659.085329687 189.088466829
659.091117312 210.027815169
659.283942697 290.253094732
659.284904746 308.784837946
659.28914931 335.034764714
659.29128695 319.1088907
659.394840725 278.244091585
659.400308135 349.469806527
660.049349549 180.738967585
660.056326136 254.267825802
660.062079177 235.639892933
660.068023301 236.246590787
665.494218658 207.216417026
665.494656685 188.888209265
666.789280421 204.204531479
667.071946323 283.017257377
668.156163411 395.288984368
668.161510576 357.730129612
668.300836071 192.896016376
668.306962531 325.219541358
668.311809172 319.715084407
668.64316028 333.570226636
668.747417819 337.781885899
671.596983239 352.350821278
671.666800068 191.55503632
671.963585567 328.77599832
672.351305387 260.950174945
672.351399418 174.11144711
673.793870641 222.627440171
674.024827261 259.117435293
674.060737956 389.574162486
674.589485114 255.27517473
674.591516004 181.058335128
674.623850123 302.387401684
674.748502656 320.44178047
677.27074051 250.344425692
677.50451626 376.789656567
677.601290743 277.021096607
677.671885859 287.207190658
677.733404241 423.296431612
677.86093563 287.195973145
678.124989399 292.56825605
678.131095361 416.581947733
678.356261555 358.308804024
678.728099241 305.089442251
678.984175615 277.302182703
678.993440885 235.238608421
679.112822201 309.78136754
679.435172584 182.296763363
679.441101625 286.672769662
679.4459856 181.806844769
679.452346893 275.366598439
679.457331942 429.42758013
679.462647192 272.071690114
679.466846941 249.535252815
679.471340516 441.763247385
679.598106527 274.210296088
679.783029799 359.034347609
680.158991145 266.253644805
680.163896356 274.675822225
680.168182939 415.914448007
680.789752429 258.370538592
681.079382687 439.464025823
681.234133402 407.264997231
681.472367285 298.31875478
685.955956824 355.791647694
686.513916343 255.981327445
686.667181677 250.925540883
686.867589134 362.813473879
687.009493893 417.047625414
687.68518497 224.799872688
687.765583397 246.614980994
688.038830087 416.373697065
688.0497615 370.407034508
688.309206931 271.899388606
688.309524159 286.226940487
688.314875276 427.767467517
688.320729451 365.167988392
688.702659201 255.06484073
688.708214159 306.155271703
688.716101581 397.817754759
688.723038332 199.495879392
688.728881181 261.201660204
690.977207029 223.484649077
691.298957474 230.316673553
691.531292835 280.831188449
691.86454018 340.663360609
692.44109268 213.53143199
692.822696806 303.860335796
692.964066918 349.976839126
693.517464 393.102967342
696.073245889 376.426446206
697.39014782 256.540034244
697.397193747 372.64184761
697.401786143 201.16501666
698.248666421 411.056145148
698.725099055 337.606752801
698.878412996 288.478883759
699.194571806 388.462583855
699.577385249 301.9011193
699.772014546 366.201641818
699.786864416 437.436196915
700.118990249 268.985385865
700.16138018 219.148251772
700.165532571 215.545917884
700.170056625 223.163061009
700.174087765 426.505333379
700.922981719 324.379367663
701.428925911 244.052184173
701.560836847 333.130970237
701.68404547 293.191329606
705.780026368 345.062331269
706.043731627 375.979587963
706.228951128 257.766720597
719.066871596 277.615773266
719.34187066 259.762056621
719.348509925 396.796670008
719.351652212 237.837389434
719.418426903 238.104619338
720.87555979 439.393901891
720.882915434 315.194540795
720.890908683 221.549501823
721.352727312 259.168492177
721.707662593 328.338432007
721.811952876 427.006880928
722.066900586 400.917615415
722.540399188 236.01746545
722.921560545 420.303376281
723.111069464 316.521360358
723.16824817 427.060926137
723.298319073 490.498699146
725.776067147 397.814969939
725.997294708 447.019604768
726.003008781 301.680903403
726.305112108 251.901699412
726.441740289 431.736768416
730.307176753 388.32138539
730.697863772 374.688435531
730.947006283 319.345595865
730.974092423 352.327031203
740.955603201 374.528883692
741.025872246 396.435749189
742.270006228 442.356159408
742.659673579 283.280160879
742.801574282 405.624725082
743.570020338 335.377832739
743.923780946 333.424016183
744.069771429 330.064208894
744.454419643 482.404270235
744.815152613 322.996966416
745.033686066 279.344156979
745.065505043 352.597803259
745.110564952 268.804486703
745.119810181 408.744332374
745.124833174 312.689136943
745.624470388 458.13146958
745.773653078 446.160274259
745.778480051 250.643121923
745.784707633 491.147289017
745.791374378 526.412925569
746.108891148 290.334738012
747.073612491 282.886342935
747.079956082 347.601225401
751.443489545 260.11324693
751.75000709 340.44905125
753.322250746 395.509702348
753.326416581 461.326272178
753.331703115 407.940232121
753.364317044 368.608666639
753.370984105 480.303413928
753.522752065 457.31526737
753.908561961 355.631409353
754.053359637 379.312676652
755.040237028 444.208049294
755.040877385 480.270595821
755.044017727 508.820848448
755.399930898 316.352802876
755.404156061 300.731682159
755.711859294 441.975132385
757.5608554 345.75900044
761.888214695 378.033807862
762.184117545 261.540817986
762.441130991 363.863600728
762.50526639 275.381328824
762.89415569 337.269953425
764.218144689 457.893549722
764.58138746 418.688858106
764.651462702 534.856517857
765.067668933 466.556185226
765.072331737 327.327158683
766.156118475 480.968500387
766.164314971 529.35795641
766.430408525 265.386494329
766.842149303 377.278674046
767.034184526 274.902665743
767.335386578 483.850633775
767.732860381 307.75244826
768.812210066 487.731180857
771.781685908 402.149788556
772.270594525 322.30606777
772.653770297 478.149043065
774.158936572 307.868401166
774.164496933 295.154711226
775.615107714 388.35545806
776.882071374 456.433941225
777.243851912 366.944450618
784.797034682 481.577811505
785.08243939 386.605061466
788.41025882 399.748333467
788.707129504 312.501166867
788.895489474 293.059233365
789.285838497 290.345040164
796.658117563 322.955828846
798.425888116 416.974663629
798.788086295 345.51825607
799.323280209 531.764832592
800.678792519 410.915054087
801.043616549 481.196564243
801.189687381 577.905036035
801.398503215 456.107197414
801.774294338 534.916765796
801.903756662 333.108909087
802.228086031 302.285787038
802.242856158 512.446421009
802.621232698 479.067971086
802.632007751 431.597845407
802.703790421 408.533445088
802.762186101 395.070754244
802.775819228 484.632217024
802.782548465 375.555810372
802.785434031 301.040193374
802.788346488 565.881870799
809.169381092 409.490281739
809.17391668 381.446316572
809.241440627 408.160527715
809.419431729 509.105052094
809.83967367 339.942972671
809.922502611 375.483227106
809.92692377 497.892801014
809.9673118 408.485603761
810.225100544 379.19171127
810.474000256 513.364736934
810.489906784 340.39294476
810.491835 552.148034072
810.856428946 350.174791937
811.771757444 453.658625319
812.138943641 513.026403974
820.252793619 421.474991603
820.604680305 366.733719849
821.022870479 400.005838329
821.340886973 400.023380674
822.004438545 486.430521878
822.063633272 467.155935191
822.069561275 578.951994505
822.139311561 381.990351267
822.38209954 381.331667498
823.644138265 455.614971258
830.555784199 419.955803386
831.101447318 489.315957632
831.272343724 404.245863602
833.924697662 389.468847507
834.614485698 403.881576036
838.596762094 606.297845777
840.445508026 367.043667815
840.449150946 503.77305899
840.822484871 400.072581584
840.843970488 561.064899841
841.23194635 495.439524981
841.232067483 451.268106791
842.5775201 450.210049178
843.852330633 344.410803496
843.858335485 359.138643499
849.739644733 358.609643558
850.118011878 562.825329283
850.627271803 577.659952299
850.635894103 441.037624902
852.311979153 367.091362494
852.318798361 490.799751859
852.629181632 447.441723101
853.010006276 465.049436899
853.168480993 596.627968252
853.203905121 432.687717326
853.608478797 354.868038774
855.462243931 461.1917138
855.843433651 584.779196969
856.168189314 389.476958666
856.262255116 512.273151304
856.689106559 478.843404049
856.695054855 410.937484192
856.996940121 617.585567121
857.424170183 470.665296092
857.454823587 525.587463339
859.223498111 508.82362144
862.334801223 581.554316103
862.593600314 379.877259534
868.607061723 513.298711495
872.296758247 569.578337075
872.704282101 467.416579931
873.099515912 398.395636582
876.48302968 545.617685811
876.894174159 399.987423549
881.206334665 632.879700716
882.233967206 593.138504947
890.972445204 564.514139228
891.478214736 542.380505379
891.677581237 622.316631983
891.680185944 447.424705112
891.72971972 605.238340878
892.094144477 514.949551952
892.39289391 504.131762923
892.496424227 454.550936381
893.928857694 443.062835604
897.161230504 474.141023963
897.703468594 574.751076567
897.943553293 498.064216111
897.9572526 616.175131029
901.314862645 571.551241603
903.398721896 575.838398286
903.56334894 551.260096208
903.567102557 448.093390361
903.776643276 402.432275366
903.929981385 550.925365055
903.968516813 678.781010802
904.00742415 697.754827076
904.199910955 510.930914926
904.272768451 482.554718062
904.432935868 463.78315428
905.778090325 438.385628472
906.105080254 540.980039139
910.334372333 425.314166941
912.73153295 597.492732658
913.094211647 621.194267447
913.147918832 684.054146865
913.486991556 562.185660096
913.770662775 623.373248751
913.772012101 450.686395297
914.037295771 626.4441601
914.060753286 531.908488307
914.3183494 551.497193077
915.488034881 492.267568644
916.594621097 455.412083646
917.030579631 444.530407618
917.230446802 663.79510035
921.68244049 487.643825683
921.960297069 480.108476706
922.090716344 572.892857087
922.494531361 570.992875283
922.515463043 445.20810707
922.54125069 466.6670032
922.655811248 624.644986165
922.868524053 662.119974764
923.138024158 589.26719659
923.140264464 643.561420265
923.549774666 673.92066848
923.688254795 551.652263831
923.957315362 687.451369615
924.476045251 580.78743413
925.895776488 583.709686775
932.162433803 492.814842973
932.527750345 713.850600483
933.182394699 708.095087129
933.663507025 524.165455468
934.349370688 498.407322354
934.753235858 579.144511115
935.370015177 505.939204144
935.534413216 479.960582318
935.789554836 600.01520416
936.009723233 572.487338273
936.319118349 487.456145382
941.649187608 661.068895571
942.409534476 466.303699434
943.384570321 711.88701105
946.406104146 610.731988365
947.237819911 702.917866552
952.551050418 657.044725391
953.264793927 539.559966937
953.391720742 639.755134206
954.927669199 524.595462
955.156422065 567.396085799
955.897990443 562.228211143
956.241600634 518.897187837
956.419785256 485.021140023
961.954165766 631.389242224
964.793106352 641.039386703
965.956495631 514.890212439
967.890989806 565.507922043
972.167149238 632.986426851
972.580081007 705.922809095
974.667452233 497.460184378
974.945296103 570.258623924
975.503949418 613.283867096
975.640451913 606.108666494
977.098450554 621.189122217
983.241222316 542.891994937
984.58389853 618.056997145
985.015507308 691.01156135
985.230811648 494.000700945
987.886636172 494.854091113
1004.933496283 656.537158734
1005.078900713 520.259051629
1005.394128174 509.057148145
1005.496938302 519.474865644
1006.410794416 514.980319247
1006.798556875 519.173848606
1008.053150333 718.857556702
1008.225695469 675.556651413
1008.447807418 568.398941007
1008.634662167 636.798999339
1009.914040613 605.427652925
1010.221339517 733.1470481
1011.735953034 592.521766538
1014.545562795 722.14467809
1016.817774352 749.559647863
1018.443526372 678.56153368
1019.61024826 621.733617987
1019.86588035 536.849162923
1020.341291796 669.64094924
1025.730706844 560.241569503
1026.501559434 638.841307198
1026.526192293 534.594950337
1026.655516028 623.971941442
1028.742016757 724.92176741
1048.671131655 657.20491468
1050.011952118 636.206897315
1050.275451268 731.229569006
1050.642783374 714.066909592
1052.478277912 745.853187007
1057.611019815 779.234498992
1058.844770956 685.806915195
1059.17310773 645.768757766
1059.18934101 819.176909965
1060.589358466 660.609885719
1061.905441008 593.711623914
1062.32368522 623.677074376
1063.835707999 799.381658511
1064.164258864 569.930155253
1073.454219046 793.575029421
1074.052129827 673.071365226
1077.258749354 673.974307666
1079.992151989 601.583288909
1080.504937049 685.43292999
1084.401195758 729.894107337
1090.248577552 764.491615307
1091.797158296 733.083115918
1091.88678793 745.894090595
1092.742918075 664.213640017
1093.320162055 640.651413354
1095.1857867 659.343870095
1115.905050799 721.434229269
1116.364658612 732.910718422
1116.672093023 644.872886023
1118.640648887 668.776283862
1119.773589974 867.740396259
1123.214277667 726.94014477
1127.529642919 697.097235954
1157.437879887 856.021545916
1157.744354038 675.929655048
1159.773855103 679.161349892
1162.782019917 801.563441505
1167.436478271 697.639952045
1169.690054614 881.195505479
1169.938685645 822.443717822
1172.523884318 776.550196004
1173.477859681 707.688149288
1176.684733861 836.402184432
1178.941904926 828.141442438
1186.345277096 774.042780997
1194.455720413 698.719607103
1197.968601715 861.893662335
1209.689061026 858.08712066
1222.208148675 738.991029573
1222.243557436 896.286151521
1224.779822097 794.647875398
1286.191891379 857.161923327
1286.792907607 904.440382712
1287.782088704 918.050103393
1288.696261212 943.204541356
1304.26802166 1066.86037606
1304.876677333 831.675226652
1305.595894782 825.78461969
1305.913214639 877.584326157
1307.823454577 863.16741124
1308.91085892 968.026957634
1309.885887129 861.323513395
1316.495709538 1082.293878776
1317.015072901 899.603546928
1317.401034916 836.588208891
1317.49359564 1036.813226841
1338.471506338 837.627932384
1341.932142471 900.280771379
1438.649913654 1041.67469383
1439.487749382 1222.914646685
1441.508047821 1012.878714476
1442.069195173 963.960644681
1468.49181346 984.272916291
1471.075403442 1046.152324399
1472.399165961 1004.50584082
1607.903640464 1171.060053655
1612.264401189 1197.056448114
1613.737662671 1311.419891054
1615.788558422 1292.335390101
1620.689597683 1138.975087508
1621.918347096 1268.713459836
1643.846276464 1161.230016244
1644.123426396 1166.515477357
1646.606188394 1380.048994365
1649.78207518 1223.456608217
1661.395421054 1175.67391014
1663.699259946 1214.035097145
1799.249316307 1396.465588704
1799.893320172 1404.520730729
1800.546678615 1422.500583345
1800.548555783 1449.647889109
