1.8023461630000002 33 4.3195121929999996 1
1.702062561 32 4.377749202 2
1.501511109 31 4.381104542 3
1.200831932 31 4.4235887510000005 4
2.503967406 30 4.450204466 5
2.103039701 30 4.555145553 6
1.401275329 29 4.56370927 7
2.203219358 28 4.594565013 8
2.704439321 27 4.601388318 9
1.9025642710000001 27 4.631700773 10
2.8045755640000003 26 4.6374463 11
2.002808787 25 4.64037178 12
1.100582101 24 4.644475488 13
1.601760115 23 4.650037289 14
2.604212856 22 4.653071429 15
1.301029827 21 4.666650461 16
2.403710198 20 4.70746528 17
2.303396744 20 4.714194459 18
1.000353343 19 4.721846971 19
3.60603455 54 8.383135745 20
3.505820362 54 8.509282717 21
3.8063854800000003 54 8.523012053 22
3.405725615 54 8.615996824 23
3.305566732 53 8.618010916 24
3.105250849 52 8.622222672 25
3.205383208 51 8.627096954 26
3.005054492 50 8.629921199 27
3.706137532 50 8.747661953 28
2.904836594 49 8.751347119 29
4.206861048 54 9.413181263 30
5.810239126 53 9.414901889 31
6.211003177 53 9.509011066 32
5.910420296 53 9.522913328 33
6.110786084 53 9.631416459 34
4.808182165 52 9.63954241 35
5.70997176 51 9.669519491 36
7.613973416 50 9.675105259 37
7.01263313 49 9.684114548 38
5.509439504 49 9.720008117 39
7.413523515 48 9.730000196 40
7.112834207 47 9.759599555 41
4.307054619 46 9.767898454000001 42
7.814403181 45 9.797430707 43
5.409246293 47 10.047521616 44
6.511767711 46 10.050716692 45
6.311216847 45 10.055268762 46
6.411438895 44 10.05991485 47
4.10669455 43 10.063994278 48
7.914592381 42 10.067540056 49
6.912429338 41 10.07236528 50
6.812277602 40 10.076453225 51
5.208807426 39 10.080749757 52
4.60777713 38 10.085428322 53
7.313290126 39 10.221082895 54
5.008488172 38 10.228680765 55
4.00662001 37 10.237029157 56
5.309052559 36 10.245276959 57
5.108655106 35 10.25175673 58
5.609665988 34 10.259000067 59
6.611922053 33 10.266456518 60
3.906482222 32 10.274167502 61
4.9083852740000005 31 10.282061216 62
4.507619157 30 10.291823736 63
7.513743488 30 10.335387469 64
7.714194284 29 10.342904595 65
4.707929442 28 10.350157215 66
6.712157472 27 10.355356399 67
6.010638022 26 10.363837615 68
4.407283995 25 10.371466425 69
7.213035404 24 10.378098934 70
8.215105071 23 10.390652902 71
8.315259996 23 10.450438995 72
8.114902113 23 10.525620792 73
8.515740981 22 10.547677466 74
8.916640335 21 10.56647916 75
8.615945499 21 10.657852355 76
8.415467944 20 10.717156096 77
8.716205138 21 10.822455531 78
8.014782224 24 11.2366929 79
8.816448575 23 11.243028242 80
9.618307736 30 12.076497273 81
9.517964419 29 12.081780333 82
9.918902301 32 12.477270567 83
9.81868017 32 12.556739711 84
9.21728889 31 12.577680886 85
9.317521134 30 12.589532065 86
9.016883823 30 12.690737735 87
9.417725163 29 12.692141152 88
9.117082316 46 14.526792344 89
9.718492426000001 46 14.594692728 90
10.620490515 54 15.480069082 91
13.025432673 54 15.60264079 92
12.724922954 53 15.60766962 93
11.021495289 52 15.611296617 94
12.023509373 51 15.613449121 95
10.520242052 51 15.645160092 96
11.722854936000001 50 15.651439856 97
10.119450226 49 15.68577081 98
10.219692037 48 15.690289131 99
11.923288951 47 15.698828443 100
10.019220545 46 15.724078825 101
12.324092475 45 15.728009807 102
13.726687384 45 15.730720421000001 103
11.221772156 44 15.76892164 104
11.522469354 43 15.775534161 105
13.32597247 42 15.77563856 106
11.32205648 41 15.780649029 107
13.626485241 40 15.790686743 108
11.422207895 39 15.801293495 109
13.225740932 38 15.801308818 110
10.820948766 37 15.808733162 111
12.524494487 37 15.83476626 112
12.825047807 36 15.836095797 113
13.426168520000001 35 15.840092866 114
11.823077573 34 15.843993093 115
11.121686099 33 15.844692382 116
12.123739401 32 15.847932845 117
10.720729804 31 15.876757639000001 118
13.125614824 30 15.883844943 119
12.424260899 29 15.885892285 120
10.319953485 28 15.888941211 121
11.622625748 29 16.039275429 122
13.826932563 28 16.04454297 123
14.027364076 32 16.544091129 124
10.420131036 31 16.549656356 125
13.526365197 30 16.555947113 126
12.224010537 29 16.563780339 127
12.624724869 28 16.569530588 128
13.927190407 27 16.576671972 129
12.925232618 26 16.582549084 130
10.921163335 25 16.58918145 131
14.928698743 24 16.608270938 132
14.327846528 31 17.343614428 133
14.728438346 30 17.350618049 134
15.028880749 32 17.659114763 135
14.828590115 32 17.750963448 136
14.427952836 31 17.756009896 137
16.732367317 39 18.640398799 138
14.22765142 38 18.716196924 139
14.528163376 37 18.721532325 140
15.930797314 36 18.72459167 141
14.628284468 35 18.728087323 142
15.129041545 35 18.755524553 143
15.429701794 34 18.762465972 144
16.531952055 33 18.783415507 145
15.630101517 32 18.787732841 146
15.830549267 31 18.794198772 147
14.12741788 30 18.83171191 148
15.730288064 29 18.831861586 149
16.932838965 29 18.840063706 150
15.529891257 28 18.840390837 151
16.632157505 27 18.842799753 152
15.329519763 26 18.871678931 153
16.331591815 25 18.878822732 154
16.030989992 24 18.884509426 155
16.832604404 28 19.35056564 156
16.431722779 27 19.358272497 157
16.131229795 26 19.365260542 158
18.035190459 27 19.610675957 159
17.534142035 27 19.693043085 160
17.433923605 26 19.693614016 161
17.133365839 25 19.729513757 162
17.333739405 25 19.762456795 163
17.634243365 24 19.809586708 164
17.233600133 28 20.245265142 165
17.734494399 27 20.251082794 166
18.93658808 30 20.675821279 167
18.636042967 30 20.743024379 168
18.335635521 29 20.747789421 169
18.435764727 28 20.76170828 170
18.836368996 27 20.798690184 171
18.736187749 26 20.802432327 172
19.036779368 26 20.856945856 173
18.535883095 29 21.249193525 174
18.235421494 31 21.573286878 175
18.135319222 30 21.638014251 176
19.136926617 30 21.644132491 177
17.834727703 29 21.668141354 178
17.033051714 28 21.671370027000002 179
16.231405368 27 21.677503421 180
17.934988689 26 21.708102987 181
15.229282135 25 21.713713534 182
20.038890512 29 22.235312741 183
19.83846764 28 22.241835322 184
19.738203097 32 22.727689889 185
19.237179462 32 22.837938607 186
19.637958247 40 23.72517866 187
19.537764037 40 23.817165997 188
19.437619752 40 23.910083174 189
19.337424824 39 23.918652752 190
19.938635684 38 23.939800911 191
22.243261261 46 24.774625418 192
21.3411784 45 24.81759291 193
22.04284273 45 24.86043183 194
21.942617328 44 24.865950519000002 195
20.139120412 43 24.874574584 196
21.441436971 42 24.911715673 197
21.24092399 41 24.912787352 198
20.63998009 40 24.916920004 199
22.443572644 39 24.920484672 200
23.04499575 38 24.928819424 201
21.541747837 37 24.93783238 202
22.844495854 37 24.952997149 203
22.143018653 36 24.963634515 204
21.040681278 35 24.970927639 205
22.944753689 34 24.981591124 206
21.742198973 33 24.985465979 207
20.539866442 32 24.992885038 208
20.239383406 31 24.998378235 209
21.641956119 31 25.141915687 210
21.140821339 30 25.146994133 211
20.940538157 31 25.281185538 212
20.339566789 30 25.288099226 213
21.842449343 29 25.295587165 214
20.439779406 28 25.301476568 215
20.840367352 28 25.371981709 216
23.946581724 31 25.766419796 217
23.245478861 30 25.81670118 218
23.145261796 30 25.854324134 219
23.846402597 29 25.907815285 220
23.646175924 28 25.926302843 221
23.345612345 27 25.928853193 222
24.046857108 28 26.090169173 223
23.746330538 29 26.32310264 224
23.546068495 28 26.329928343 225
25.048803156 33 26.862949108 226
24.848435918 33 26.978415544 227
24.6480228 32 26.983173857 228
24.748209999 34 27.326465622 229
24.147065949 37 27.68244321 230
20.740201573 36 27.753061764 231
24.447587913 36 27.758264128 232
22.744315118 35 27.764591129 233
23.445853449 34 27.795492127 234
22.543819347 33 27.800808718 235
22.644067147 32 27.807162878 236
24.94860414 31 27.838303063 237
22.343488346 30 27.844825151 238
24.347451408 29 27.853201841 239
24.54786562 29 27.938945255 240
24.247278381 29 27.969253555 241
25.148948063 29 28.151787456 242
27.153023063 35 28.780894222 243
26.150857366 34 28.832986279 244
26.351409627 34 28.860523422 245
26.652051596 33 28.866757694 246
26.551897261 32 28.923260234 247
25.349291925 31 28.929716271 248
27.052846409 30 28.947065773 249
26.451638759 30 28.983586084 250
26.752227594 29 28.990609315 251
25.950364783 28 29.030312673 252
25.54956283 29 29.18944286 253
25.850154901 28 29.194460815 254
27.854544574 33 29.772769176 255
27.253172595 32 29.847002995 256
27.754319904 32 29.862022334 257
28.255381741 31 29.950564311 258
28.054999846 31 29.96957664 259
27.553962189 30 30.012475502 260
27.954791136 29 30.018179248 261
27.453733482 29 30.15720312 262
29.858588792 44 31.756284429 263
28.455849292 44 31.83182234 264
28.756499329 43 31.835677335 265
28.856761162 43 31.869287565 266
29.157257965 42 31.960403077 267
30.158943914 42 31.968552111 268
25.749863212 41 32.015595433 269
29.057014937 41 32.070316095 270
26.852429691 40 32.12977255 271
26.952650665 39 32.139802387 272
29.558048706 39 32.170669988 273
29.35764499 38 32.18074813 274
30.058820422 37 32.211016869 275
28.155226416 36 32.219087757 276
26.050614956 35 32.253374711 277
28.556072529 34 32.258938139 278
29.958688225 34 32.31489671 279
28.656406244 33 32.320340971 280
29.758423271 33 32.433632392 281
28.9568863 32 32.441191711 282
29.257414349 31 32.449068551 283
27.654121441 31 32.514168267 284
25.64979592 30 32.522610111 285
27.353498877 29 32.552784792 286
25.449452514 28 32.559929618 287
26.251079115 28 32.590430912 288
25.249173419 27 32.619794904 289
31.260941316 28 32.819655608 290
30.760132234 28 32.894610968 291
30.960444075 28 33.005444236 292
29.658203923 28 33.074668452 293
29.45789001 27 33.078701631 294
28.355592028 26 33.123944875 295
30.259112022 25 33.134002163 296
30.659969323 24 33.159754746 297
30.860369558 24 33.177153734 298
30.459577006 24 33.287087445 299
31.060539505 24 33.433698909 300
30.359309591 23 33.440889239 301
31.160711176 27 33.935126588 302
30.559744829 27 34.026438249 303
32.563984023 44 35.838021758 304
31.862411973 44 35.915207839 305
33.265074448 43 35.92341065 306
32.163233967 42 35.943898914 307
33.765916831 41 35.956163823 308
31.962727893 41 35.978532781 309
33.365308746 41 36.074863595 310
32.764303532 40 36.080777292 311
32.363524526 39 36.089727901 312
31.762274268 38 36.090531917 313
32.463799032 37 36.139018611 314
31.561782802 36 36.152198335 315
31.662028164 36 36.192921433 316
31.461487012 35 36.209270027 317
32.062982623 34 36.21769545 318
33.866011564 33 36.247706276 319
34.266728609 32 36.257839137 320
33.665831367 32 36.279554413 321
33.16493726 31 36.287287485 322
33.064768535 30 36.287930181 323
32.964551519 29 36.317283308 324
33.565652563 28 36.32457847 325
33.465552217 29 36.510675664 326
32.86442695 28 36.518627388 327
32.664125485 27 36.523590391 328
31.361172982 26 36.530936664 329
34.466914344 28 36.851906688 330
34.667409578 28 36.928781762 331
34.967958297 28 37.005376721 332
34.767635226 28 37.100956565 333
35.168364099 27 37.124043947 334
35.569244421 34 37.88784844 335
35.769475077 33 37.96566285 336
35.469009602 33 38.00163045 337
36.169986626 33 38.148044665 338
35.36878805 33 38.199254268 339
34.867783453 32 38.241425472 340
35.969711314 31 38.25028616 341
35.669352955 30 38.26859631 342
36.069836593 30 38.327744449 343
35.068137108 29 38.336438088 344
35.268572028 29 38.431937957 345
35.86957605 28 38.438181346 346
37.371547427 35 39.20059072 347
36.570527389 34 39.24210737 348
36.770757039 34 39.322708288 349
37.171341767 33 39.358221797 350
37.071250933 32 39.373425427 351
36.27009275 33 39.540472268 352
36.370224069 32 39.547624197 353
34.16656662 31 39.554170768 354
34.36682574 30 39.561086779 355
36.670613364 30 39.647486458 356
34.567178993 29 39.654506987 357
37.271397291 29 39.683532117 358
34.066414579 30 39.90869029 359
33.966163742 29 39.916496035 360
32.263432954 28 39.923498182 361
36.971093343 27 39.966599033 362
38.373282385 27 40.04508027 363
38.17293457 26 40.049862426 364
37.471666388 25 40.074598903 365
37.872511291 25 40.164143104 366
36.870870488 24 40.170197408 367
38.273139584 24 40.178028942 368
37.672121386 23 40.212930775 369
36.47040459 22 40.221774111 370
37.972683776 22 40.34282734 371
38.072859403 22 40.4169302 372
37.772325032 21 40.421421444 373
37.571847364999996 23 40.733009175 374
39.775726235 47 43.208234523 375
41.078043625 46 43.260699151 376
40.977845949 46 43.331826616 377
40.176471437000004 45 43.340187169000004 378
38.974301906 44 43.377278741 379
41.17822286 44 43.387806098 380
38.773985039 43 43.391622895 381
39.475104358 42 43.399384852 382
39.575309475 41 43.430226162 383
41.278417646 40 43.438720236 384
40.276685245 41 43.68216737 385
38.673783984 41 43.687578726 386
39.274720146 40 43.693478383 387
40.777555616 39 43.698549058 388
40.476996226 38 43.705264876 389
41.478780698 42 44.233959841 390
41.979739999 41 44.264986063 391
41.579041113 41 44.361773497 392
41.679245302 42 44.485635133 393
42.180110187 41 44.49537711 394
38.874193336 45 45.075060635 395
42.480783748 45 45.162154944 396
39.174583006 44 45.168174196 397
42.781405943 43 45.183708427 398
42.079939173 43 45.192529603 399
43.482583336 42 45.198574869 400
40.577211338 41 45.203779515 401
40.376761091 40 45.235998946 402
40.8777415 39 45.240543133 403
42.681176635 38 45.251174575 404
39.675548919 38 45.289198256 405
41.378540461 37 45.296540429 406
43.18211576 36 45.317776092 407
43.081983935 35 45.379631621 408
42.580981774 35 45.453178738 409
43.382415218 34 45.482048999 410
43.282220956 34 45.486705472 411
41.779489767 34 45.649262809 412
39.074461579 33 45.657709371 413
38.573665531 33 45.710137137 414
40.076378695 32 45.71449026 415
40.677344377 31 45.719323146 416
41.879677249 30 45.724389227 417
42.280350785 29 45.730891167 418
44.484305926 32 46.112146897 419
42.881585207 32 46.194190867 420
44.08366853 31 46.199809013 421
42.380475587 30 46.202013448 422
39.374982172 29 46.208217214 423
38.473429922 28 46.216238452 424
39.976158059 27 46.223964129 425
43.983454063 26 46.228608001 426
42.981772687 25 46.22918449 427
39.875963801 24 46.236618785 428
44.183844295 24 46.295538851 429
44.384081075 23 46.329261024 430
43.783139391 23 46.440851457 431
43.582901631 22 46.464886457 432
43.682996285 21 46.468955223 433
45.185554088 27 47.123279184 434
44.28399861 26 47.184244131 435
43.883318347 26 47.191119197 436
44.784796457 25 47.209965668 437
45.48591664 24 47.219913133 438
45.285668158 23 47.284528313 439
45.085404485 23 47.350886223 440
44.584522244 22 47.358260703 441
45.385791542 22 47.415720761 442
44.684630137 21 47.453297243 443
44.885025095 21 47.542502956 444
44.985265177 34 48.898769537 445
47.589705424 48 50.401137856 446
47.689819546 48 50.538312193 447
48.090401287 47 50.546708669 448
48.390786136 46 50.576870921 449
47.289071779 45 50.586938746 450
48.490944244 45 50.616186423 451
46.087087602 45 50.762902203 452
48.290708957 44 50.769020156 453
47.489513508 43 50.776225232 454
47.890177382 42 50.784165324 455
45.886621508 41 50.787486395 456
46.187173916 44 51.164774051 457
48.190537883 44 51.232556625 458
46.287437651 43 51.237821055 459
47.789984264 42 51.24438166 460
46.988591412 41 51.25002411 461
47.389279715 40 51.252235294 462
45.786432653 39 51.256196301 463
47.188884262 38 51.256423668 464
46.888474917 37 51.262446252 465
47.990304603 36 51.265369233 466
45.68627844 35 51.295917021 467
46.387534456 38 51.688850938 468
46.587864577 37 51.695575938 469
45.986863427 37 51.700661516 470
46.78821398 36 51.706118992 471
49.392507406 39 52.193865508 472
49.092074777 39 52.289648827 473
48.991897894 39 52.347047611 474
48.791483897 39 52.424458654 475
46.687988737 38 52.440180099 476
49.592958604 42 52.933997741 477
47.088678449 41 52.941820235 478
48.691175433 40 52.950113986 479
48.591076348 39 52.958312488 480
46.487730667 38 52.96678663 481
45.58603049 37 52.973771314 482
50.194131857 40 53.320625973 483
51.596772163 39 53.3989775 484
51.095813908 39 53.459974874 485
50.09403871 40 53.613452752 486
49.693185955 39 53.618572 487
49.993780784 38 53.625569031 488
50.79519823 38 53.714717474 489
51.29616128 37 53.722875025 490
49.192157883 40 54.196345474 491
51.396357872 40 54.204035802 492
51.195983843 39 54.212062732 493
49.793409733 38 54.218401724 494
49.292283005 37 54.223970968 495
49.893609148 37 54.315219517 496
50.694991337 37 54.410385723 497
50.594828856 36 54.414355142 498
53.099853068 43 55.269182729 499
52.799248869 43 55.365724078 500
52.498542337 42 55.369162487 501
51.696949509 42 55.488864235 502
53.300268346 41 55.489284688 503
53.500685318 41 55.56365673 504
48.89169875 40 55.570526818 505
50.494680878 39 55.576478767 506
50.895490021 39 55.628360241 507
50.294364242 38 55.637092189 508
50.394488276 37 55.64017417 509
49.492718242 36 55.646498205 510
52.698964978 35 55.66782165 511
52.598750138 34 55.673300732 512
52.097725585 33 55.678148643 513
50.995660986 32 55.678547979 514
52.899470288 32 55.706363133 515
51.496532363 31 55.706380799 516
52.197925955 30 55.746132055 517
51.897243014 29 55.75234748 518
52.999632632 33 56.224506438 519
52.398384764 32 56.230297907 520
53.200089232 31 56.236419665 521
53.901487314 31 56.336532367 522
54.402421593 30 56.375006174 523
54.702880535 30 56.482104434 524
51.797081511 29 56.491693494 525
53.801362984 29 56.519537135 526
51.997479271 28 56.521254134 527
54.101900713 27 56.532521866 528
55.303749894 34 57.308335854 529
55.103492282 34 57.408286648 530
54.903174013 34 57.507574208 531
55.003301067 33 57.519975107 532
54.30224059 32 57.52038164 533
55.403878424 31 57.588737375 534
55.604098897 30 57.594499139 535
54.50256159 30 57.6611606 536
52.298148569 29 57.662372189 537
53.400448175 28 57.668353872 538
54.602694883 27 57.670141765 539
54.20212356 26 57.69293577 540
55.504002189 25 57.699018052 541
55.203600664 24 57.704098657 542
53.600912026 24 57.721545161 543
55.704258884 28 58.270785048 544
54.001685322 27 58.277965284 545
53.701147639 26 58.284107914 546
56.605860064 26 58.32483057 547
56.205155286 26 58.476528361 548
55.804476903 25 58.501299899 549
56.706079543 26 58.644046815 550
56.505708529 34 59.553284829 551
56.405465371 33 59.575406835 552
55.904625348 34 59.71989466 553
56.105035428 37 60.158135975 554
56.004818651 38 60.389555298 555
54.803094505 38 60.496373875 556
56.305399826 37 60.501835605 557
57.607578812 45 61.378520451 558
57.307073073 45 61.416105072 559
57.707750494 45 61.527136966 560
58.609078476 44 61.533658507 561
57.106757967 43 61.571426253 562
58.408819524 42 61.607504471 563
58.809487521 41 61.611634457 564
57.807912711 41 61.616288095 565
56.906420202 41 61.763813714 566
57.206931822 40 61.769622508 567
57.006610439 40 61.886029799 568
58.308659589 39 61.892478118 569
57.407244856 43 62.337940232 570
58.20854575 42 62.34335603 571
58.508936528 41 62.351989368 572
59.611108537 41 62.467106357 573
59.711349591 40 62.469590516 574
57.507445216 40 62.608427505 575
59.31053205 40 62.617256841 576
59.00991507 39 62.626128114 577
59.210290074 38 62.635425163 578
56.806277043 38 62.751364282 579
59.510807227 37 62.756823583 580
58.108384998 36 62.78320172 581
58.909682961 35 62.787276033 582
59.410671772 39 63.222540054 583
60.212461901 42 63.622978142 584
61.113998127 41 63.643276544 585
60.112134176 41 63.767372635 586
61.614980578 40 63.775759309 587
61.715194901 39 63.79000441 588
60.913593252 46 64.5376441 589
61.314380068 46 64.631486989 590
59.110150031 45 64.690796572 591
57.908033474 44 64.696561284 592
59.8115925 43 64.703793662 593
60.813498876 43 64.771461475 594
58.008247542 42 64.779223522 595
58.709252287 41 64.806499713 596
61.214145352 40 64.81265488 597
60.011892815 56 66.453651796 598
60.312659699 55 66.460999146 599
60.713192766 54 66.467796344 600
60.512948902 53 66.476582208 601
64.02060725 53 66.599642065 602
61.013840502 53 66.673368053 603
63.118319975 52 66.698546502 604
60.412738753 51 66.709766843 605
62.717496358 50 66.717807151 606
64.721950712 50 66.726452238 607
60.613132674 49 66.745603469 608
59.911719416 48 66.751512792 609
62.015861264 47 66.784058053 610
63.619627027 46 66.789483693 611
61.514836595 45 66.811423949 612
61.815465829 44 66.820247715 613
63.719900742 44 66.844795459 614
62.817706872 43 66.850522943 615
61.915740553 42 66.852636 616
61.414605602 41 66.862600326 617
63.820048068 40 66.873774366 618
63.018089707 39 66.880404728 619
64.521521618 38 66.887667395 620
63.218507176 37 66.890182658 621
64.822179295 36 66.899574283 622
63.318834951 36 66.931036749 623
64.321253635 36 67.038218343 624
63.920341546 37 67.257681591 625
62.517048482 36 67.265305469 626
64.120858488 35 67.271136125 627
64.421405634 34 67.279444954 628
65.323138832 35 67.524248617 629
65.122704161 36 67.640545505 630
65.824245687 35 67.693624175 631
65.22291524 34 67.702989799 632
65.623804476 34 67.745518043 633
63.519385667 33 67.797947167 634
62.416812139 32 67.804059814 635
65.523561272 32 67.852607234 636
62.617250317 31 67.866764866 637
65.423431376 30 67.873796058 638
64.92240378 29 67.898931463 639
63.419159832 28 67.903769637 640
64.621730412 27 67.911443904 641
65.724018039 30 68.288304962 642
65.02256501 29 68.294057246 643
66.825971632 31 68.623502138 644
65.924506877 31 68.67147141 645
66.124846427 31 68.735579701 646
66.225091578 30 68.754972598 647
62.216343163 29 68.766904408 648
64.22097751 28 68.772755523 649
66.926108147 27 68.781905358 650
66.024670782 26 68.799100334 651
62.316558626 25 68.806224731 652
62.116096304 25 68.832460927 653
62.917801044 24 68.83960277 654
66.625762302 23 68.841432485 655
66.525523933 22 68.871473507 656
66.425339767 21 68.87706861 657
66.725851187 20 68.897733056 658
66.325175127 23 69.298623562 659
67.527100487 25 69.600445421 660
67.126499365 25 69.700592734 661
67.426945478 24 69.723717527 662
67.226690906 23 69.73025243 663
67.026315557 23 69.755398764 664
67.927651335 23 69.879530372 665
67.827517825 22 69.896943291 666
67.727378213 21 69.907495746 667
68.32840746 28 70.639773812 668
67.627253578 27 70.713825445 669
68.228247967 27 70.733979658 670
68.728923648 26 70.754347536 671
68.027770501 25 70.757030301 672
68.528692064 24 70.812780395 673
68.128067904 23 70.830307357 674
68.428571646 23 70.835419942 675
68.628831046 22 70.874987489 676
68.929338326 25 71.319531572 677
68.829141797 24 71.327179338 678
67.326857255 24 71.333989296 679
69.53014616 27 71.774396567 680
69.730388762 26 71.785825987 681
69.129513684 25 71.798047164 682
70.030820231 24 71.804276308 683
69.429932247 24 71.859713467 684
69.229607139 23 71.909256406 685
69.930672445 23 71.937254458 686
69.630233361 22 71.960050579 687
69.029446047 24 72.32823172 688
70.93221914 29 72.913968762 689
70.832130927 28 72.91869238 690
70.53168619 32 73.361743336 691
70.431555162 31 73.371078992 692
69.329793648 33 73.67575799 693
70.231218761 33 73.795910481 694
69.830557187 32 73.802159071 695
70.732049012 41 74.801598971 696
70.131063018 40 74.839145648 697
70.631911021 40 74.859469775 698
70.331306895 39 74.871841577 699
71.032402449 39 74.983066896 700
72.334822464 55 76.683255109 701
71.132641483 55 76.802063142 702
74.038065899 54 76.808668086 703
72.034367898 53 76.837072761 704
71.73373335 53 76.844612612 705
73.837531842 52 76.845019122 706
72.635225844 52 76.955280841 707
72.535081546 51 76.963972382 708
73.937748492 50 76.982997411 709
73.136197303 49 76.988241302 710
73.737315132 48 76.988680923 711
71.533286501 47 76.994520609 712
73.436826775 47 77.055762215 713
73.036058752 46 77.06356922 714
71.332894801 49 77.506172189 715
72.83570625 49 77.579144294 716
72.134436406 48 77.607217389 717
73.336641266 47 77.614458296 718
75.040114535 47 77.722689384 719
74.138281906 47 77.843970713 720
74.238506818 47 77.850371481 721
74.939882823 46 77.887589866 722
72.43497953400001 45 77.944285221 723
75.741836858 45 77.994317973 724
74.338737691 44 78.001011312 725
75.340904641 43 78.012247868 726
76.142717336 42 78.018202294 727
75.942267754 42 78.086990493 728
71.833980016 41 78.099394721 729
72.73546008 40 78.105486892 730
75.641479198 39 78.129527157 731
75.441096917 38 78.137934051 732
75.842026298 38 78.160175844 733
73.637224583 37 78.166453458 734
75.140371502 39 78.50634121 735
74.438968273 38 78.514962049 736
74.539128212 37 78.521184607 737
76.242946121 49 79.754366244 738
76.443374821 50 79.961802205 739
76.643798249 49 79.995269955 740
77.14456313 48 80.024196095 741
77.044376329 48 80.152677992 742
72.935843583 54 80.840490529 743
76.743960443 54 80.901178911 744
78.952123368 54 80.970021797 745
75.541258068 53 80.98464473 746
76.944234678 52 80.994938634 747
78.250846015 51 81.027182717 748
77.850092149 50 81.028398425 749
77.745639765 49 81.03350878 750
76.042479314 48 81.03693815 751
77.950238046 48 81.070393534 752
78.05038794 47 81.077625967 753
74.739581186 46 81.086842326 754
78.45123032 45 81.10130604 755
78.351032288 44 81.125452213 756
71.934131961 43 81.126569481 757
78.651585617 42 81.13150965 758
73.236432737 41 81.135480308 759
71.433133496 41 81.166704938 760
77.445098146 44 81.633821663 761
77.244725715 43 81.642253978 762
73.537065257 43 81.715796354 763
74.839731061 42 81.724459923 764
71.232792148 41 81.729913879 765
78.551404246 40 81.736771111 766
71.63350143 39 81.742867581 767
76.844063892 38 81.750347342 768
72.234681555 37 81.756059937 769
77.344915827 37 81.762340265 770
75.240565469 36 81.769074481 771
79.052452624 35 81.775928918 772
74.639367926 34 81.782999708 773
79.152674049 33 81.81637071 774
76.543555895 33 81.864012583 775
76.34319967 32 81.873885003 776
78.150589731 31 81.936441665 777
78.75174679 30 81.9460037 778
77.545343703 30 81.980368544 779
78.851874262 30 82.085705161 780
77.645496042 29 82.092969181 781
79.853800593 37 82.999456038 782
80.755313482 36 83.026276939 783
79.352970029 36 83.087288706 784
80.354691414 35 83.093674757 785
81.155856542 34 83.098303507 786
79.553469537 33 83.156679787 787
80.955594445 34 83.304193664 788
79.65358481 33 83.310232291 789
79.252903045 34 83.527735106 790
80.554862731 36 83.859230526 791
80.855435004 36 83.866439698 792
79.95406585 36 84.006678617 793
80.655162229 36 84.128759742 794
80.45477942 35 84.136203727 795
80.054208514 40 84.680116614 796
79.753671252 39 84.690647801 797
79.453287984 39 84.84412362 798
80.154309723 39 84.915356078 799
82.258152985 39 85.037788969 800
81.556824334 38 85.040458695 801
83.16006876 37 85.043867366 802
81.055730187 37 85.072883845 803
80.254528605 36 85.078269651 804
83.059867985 35 85.086866104 805
82.358352526 34 85.091846286 806
82.659136948 33 85.094768032 807
82.859583817 32 85.100217215 808
81.857514388 31 85.106809442 809
81.957714733 30 85.107534152 810
82.158042878 29 85.153352055 811
82.057920373 29 85.164540022 812
81.256156575 29 85.27057777 813
81.657061458 28 85.275529616 814
82.458485243 27 85.313015086 815
82.959714369 28 85.552198875 816
81.456616683 29 85.739225903 817
82.558861036 28 85.745287565 818
81.757284058 28 85.826676909 819
82.759368713 27 85.834271869 820
84.261943324 27 85.875113393 821
81.356301328 26 85.901081088 822
84.061577666 26 86.038449784 823
83.761146045 26 86.132569174 824
83.961446808 25 86.135855782 825
83.661058269 25 86.175895045 826
83.560884008 25 86.300077538 827
83.861302295 24 86.336211484 828
84.161803949 25 86.560265999 829
83.360508522 27 86.777608728 830
84.662688616 27 86.880663712 831
84.562542716 27 87.007688793 832
84.963450454 27 87.134508364 833
84.462349358 26 87.142295899 834
84.36213489 26 87.17511452 835
84.863030087 25 87.182463945 836
85.06336942 28 87.606084155 837
85.86468728 30 87.907426226 838
84.762868 31 88.095610508 839
85.564291656 30 88.157427013 840
86.065025533 30 88.196669623 841
85.163510952 29 88.204921761 842
85.964811075 28 88.21046667 843
86.265324064 27 88.210565257 844
86.16511669 27 88.359942603 845
85.664428752 27 88.373360151 846
85.363929536 28 88.626978529 847
83.260284633 29 88.782840868 848
85.26370563 31 89.127438864 849
85.764574069 30 89.133857249 850
85.464174686 29 89.142367071 851
83.460742316 28 89.150412107 852
87.166769 47 91.132836319 853
88.268883844 47 91.205574013 854
86.365421539 46 91.238053388 855
87.968236859 45 91.250433282 856
86.665965421 44 91.257389275 857
87.567507131 44 91.372499421 858
87.467397805 44 91.381742203 859
86.866297002 43 91.4017404 860
87.066665935 42 91.411189626 861
87.768045706 47 92.030432452 862
87.868166772 46 92.030468842 863
87.266957953 45 92.037749241 864
88.669564039 45 92.159949297 865
87.667735088 44 92.167128623 866
90.372497791 44 92.17791854 867
86.766108508 43 92.194513918 868
88.369019751 42 92.2072606 869
90.172161627 41 92.213702768 870
89.170351394 40 92.235138654 871
90.07193416 39 92.240019714 872
89.570886187 39 92.292345049 873
89.470631045 38 92.297156121 874
89.97168186 38 92.407566818 875
89.771287298 37 92.415794709 876
89.670987744 37 92.499913793 877
89.370503732 36 92.503650941 878
89.871488324 41 93.104342323 879
88.76979158 40 93.111426892 880
88.869912836 39 93.118001381 881
88.168651062 39 93.192237143 882
90.572843359 38 93.263535139 883
90.672996616 38 93.300520164 884
86.966514317 40 93.591051669 885
86.565674827 39 93.59860892 886
89.070198305 38 93.606700518 887
89.270417392 37 93.613125651 888
90.272379893 36 93.619187612 889
88.970073134 36 93.697819405 890
90.87332095 36 93.863049397 891
90.97342852 35 93.870008101 892
87.367117657 34 93.873514769 893
88.469250152 34 93.915678754 894
86.465537108 33 93.925407651 895
88.569417067 32 93.95552493 896
88.06841356300001 31 93.963941363 897
91.173629155 31 94.011419651 898
90.47258733 30 94.015778992 899
91.373970482 30 94.104676919 900
91.2738166 29 94.10669221 901
90.773078122 28 94.115440969 902
91.474223721 29 94.312028278 903
91.975260033 35 95.079004627 904
92.07547658 36 95.247350264 905
91.073525134 36 95.366885085 906
91.774842324 35 95.369382465 907
91.574403111 34 95.37492735 908
92.175801818 37 95.74966055 909
91.67459809100001 38 95.910162843 910
91.875026368 37 95.932569838 911
94.480003733 38 96.13128852 912
93.077394036 38 96.248805555 913
94.580255624 37 96.269238324 914
92.676774365 36 96.273776099 915
93.878837621 36 96.313689899 916
92.275974359 35 96.342070572 917
92.776879939 34 96.365111432 918
93.778636139 35 96.507902089 919
94.079255267 34 96.51858111 920
92.476320017 33 96.538556364 921
94.27960841 32 96.542314529 922
93.678473107 31 96.548890766 923
93.177511573 30 96.55703471 924
93.277716294 30 96.666677269 925
92.576542043 30 96.709651454 926
93.478105177 30 96.868704106 927
94.379859111 32 97.121779872 928
93.979039879 33 97.330061662 929
92.977214606 32 97.339051027 930
94.179412624 31 97.346855918 931
92.376139709 30 97.353705177 932
92.877044211 35 97.982718003 933
93.578319203 35 97.989232268 934
93.377962233 34 98.069615185 935
95.882592918 35 98.283224972 936
96.583911813 36 98.407208296 937
95.081086934 35 98.415941513 938
95.982833511 37 98.778969591 939
95.581931341 38 98.937852219 940
95.281463455 37 98.947227632 941
95.782360295 38 99.155593571 942
96.183213406 38 99.223164499 943
97.185007395 37 99.270645638 944
96.483765456 37 99.293291094 945
94.780612175 36 99.299895032 946
95.682132434 35 99.378882878 947
95.48184261 35 99.421360256 948
96.984537151 34 99.422026268 949
94.980990543 33 99.428963273 950
96.383554444 34 99.59175525 951
96.283345327 33 99.600474589 952
95.381626882 32 99.631671076 953
94.880830037 31 99.638451159 954
96.884299843 31 99.77524107 955
96.684003181 34 100.160652972 956
95.181218674 36 100.410626682 957
96.784158296 35 100.415218195 958
94.680458338 34 100.421799253 959
96.082960886 33 100.428555641 960
97.084784386 39 101.242025011 961
99.589352497 38 101.304056396 962
97.385281553 37 101.421194487 963
99.689419287 36 101.435650444 964
99.1886281 35 101.437038187 965
98.186733004 34 101.440466429 966
99.28875979 33 101.51892442 967
98.587440262 32 101.607765727 968
99.489190969 31 101.616607066 969
98.487373904 30 101.785118306 970
98.787976354 29 101.790440014 971
98.086538756 28 101.795145127 972
98.286969773 27 101.799187139 973
97.585553418 26 101.817983818 974
98.38712417 25 101.981034102 975
99.088473064 24 101.98963883 976
98.687752518 23 102.020596853 977
97.28516732 22 102.350733009 978
97.485402646 21 102.356166098 979
97.68569007400001 20 102.462593482 980
98.988305085 19 102.467051691 981
97.986387936 18 102.474001075 982
99.388941639 17 102.475787879 983
97.886222647 16 102.481251014 984
98.888177776 15 102.481277652 985
97.78592435 14 102.487527755 986
100.691312141 13 104.206201546 987
99.989978247 12 104.238549405 988
99.789685017 11 104.275236501 989
100.090136198 10 104.307709 990
100.290392523 9 104.361995419 991
100.190268296 8 104.376303316 992
100.390582881 7 104.409599904 993
100.591011565 6 104.48544124 994
99.889778479 5 104.49042132 995
100.490787667 4 104.727505299 996
100.791538694 3 106.284123998 997
100.891718418 2 106.329231803 998
100.991896272 1 106.413383693 999
101.092145899 0 106.497553221 1000
