4.910199606 2.607216131 1
4.973104892 2.169143139 2
5.04079903 3.439366616 3
5.253954704 3.351961657 4
5.359634861 3.55778365 5
5.361457851 3.158712181 6
5.365131682 3.863848064 7
5.369666985 4.369386389 8
5.772109316 4.371064437 9
5.773484251 4.572899678 10
5.779103867 4.478259964 11
5.781710419 4.681281813 12
5.78653496 4.084935414 13
5.789950051 3.687446054 14
5.79341208 3.791158358 15
6.966144113 3.661129052 16
7.023071369 3.8182170380000002 17
7.258573967 4.654948076 18
7.26238758 4.859292537 19
7.270429241 4.56663998 20
7.4871720360000005 4.38251244 21
7.492248498 4.487780973 22
7.583568561 5.080154432 23
7.636532685 3.73046457 24
7.637496684 4.733264432 25
7.645694519 3.839829225 26
7.646807376 3.64056352 27
7.652227166 3.445748452 28
7.814265571 4.108565339 29
7.821653256 4.216075676 30
7.924474827 4.519263289 31
7.994633529 3.287392845 32
8.060926382 3.654126645 33
8.099755053 4.59431304 34
8.350890214 3.342997648 35
8.387674745 2.979052296 36
8.392163351 3.284108012 37
8.461077577 3.25281671 38
8.525670131 2.91662561 39
8.590019941 2.680535368 40
8.653920262 4.347322084 41
8.855921025 3.948296534 42
8.96757534 3.158157459 43
9.021378582 4.914977592 44
9.200951831 3.8925620910000003 45
9.393599234 2.782862163 46
9.426694643 3.417106884 47
9.438216916 4.831222726 48
9.504943427 4.697444098 49
9.544922193 3.835692004 50
9.568813118 3.258660417 51
10.152171157 3.240852618 52
10.463246696 3.351612334 53
10.577677643 3.566273885 54
10.917202473 3.705441043 55
11.033966004 4.322965387 56
11.035094718 4.624845416 57
11.101495406 3.388948192 58
11.112084695 5.002342446 59
11.119664003 5.610822712 60
11.26604553 4.454857018 61
11.37277195 5.162855564 62
11.503869584 4.993388036 63
11.520817167 2.506110742 64
11.526922834 4.114790073 65
11.53124278 4.01901511 66
11.755218891 3.942538288 67
11.877659127 4.265238014 68
12.009763569 7.502871796 69
12.262852614 3.648704191 70
12.501758946 2.785578325 71
12.556990919 3.742513645 72
12.561363653 4.64854476 73
12.615403999 4.201630282 74
12.670072893 3.455003539 75
12.676882939 3.261358931 76
12.740346886 4.026021138 77
13.095270004 3.579481463 78
13.139474344 3.122870179 79
13.280192454 2.562280841 80
13.452453613 6.140586014 81
13.456786349 4.5422217400000005 82
13.461578471 4.346777404 83
13.465788422 3.849846625 84
13.492077597 5.378938045 85
13.498945549 3.582550638 86
13.513058755 5.299742824 87
13.520072737 5.206538581 88
13.538710731 3.321734048 89
13.603015213 4.287728592 90
13.653723436 2.034101295 91
13.653732019 5.640757626 92
13.755727154 3.138057729 93
13.764103347 5.250123832 94
13.868570925 2.850068033 95
14.361392958 3.843966062 96
14.367276867 3.048324363 97
14.372234524 3.954997981 98
14.399686729 3.18085542 99
14.487546728 3.368921904 100
14.556607522 3.137450308 101
15.197995905 5.081190563 102
15.340066591 2.117567017 103
15.451637432 2.429475255 104
15.546904059 4.62857405 105
15.603269746 2.881641526 106
15.612307242 5.796026029 107
15.719866617000001 2.196919804 108
15.910823435 3.088952174 109
16.021050536 5.202911698 110
16.135313067 4.014789814 111
16.198898110000002 4.679508238 112
16.349963828 3.728528331 113
16.395497645 3.27323533 114
16.401795558 3.479719862 115
16.404197239 4.183447542 116
16.462896974 4.142029698 117
16.520703118 3.999446911 118
16.64858755 3.2257916890000002 119
16.748180455 2.924618156 120
16.760028647 4.83980386 121
16.760393886 6.443313593 122
16.854777068 3.532095718 123
16.872866461 4.451848504 124
16.962759846 4.942381281 125
16.96689799 5.247051687 126
16.987483624 5.167407668 127
17.198090377 3.2742790790000003 128
17.391308743 2.465776739 129
17.813236385 3.689070044 130
17.930432165 3.4055316 131
18.153875616 3.02740549 132
18.300638202000002 3.976190375 133
18.358276329 2.831045726 134
18.362787586 2.935865374 135
18.482362522 3.7570750420000003 136
18.594083399 4.570040332 137
18.699129065 4.074007749 138
18.816563633 4.592312419 139
18.85497626 3.628359733 140
18.866860954 4.041464883 141
18.97354118 5.250245498 142
19.021010892 3.193184084 143
19.069458489 5.44631175 144
19.183711375 4.158065009 145
19.293897518 2.163865553 146
19.371125694 2.341274998 147
19.374753158 3.747296595 148
19.472428984 5.04774857 149
19.540753723 2.911618144 150
19.652628362 3.323942568 151
19.851770609 3.623257856 152
19.852260265 3.122963177 153
19.969893783 2.639396071 154
19.975363753 3.847061504 155
20.190136656 4.462548201 156
20.194986721 2.964718829 157
20.444004934 2.812941951 158
20.505791654 4.077006795 159
20.573836885 3.644184087 160
20.686346745 5.35954494 161
20.880204674 4.050716471 162
21.483772783 5.455633335 163
21.490137 3.658599863 164
21.493462069 3.261168614 165
21.895002155 2.861358409 166
21.989222102 3.857126813 167
22.103346987 6.175348207 168
22.217232968 4.485977739 169
22.220257351 4.689391426 170
22.223069018 3.289709845 171
22.295497296 3.862960393 172
22.366749224 3.533530491 173
22.551892534 4.01915774 174
22.666399253 4.634547911 175
22.778255738 3.644502945 176
23.167690009 2.831793309 177
23.288636252 2.351639617 178
23.323623001 3.689170668 179
23.324111351 5.893410265 180
23.327315568 2.089669011 181
23.547137244 4.213029456 182
23.575067712 4.140867201 183
23.575145559 5.242725806 184
23.585026644 2.7482544840000003 185
23.658529533 5.726825686 186
23.697131909 3.8622601579999998 187
23.770558582 3.835442336 188
23.809366126 3.373317997 189
24.018042336 5.284983174 190
24.022876257 5.389974702 191
24.050865183 4.816881376 192
24.138576866 4.403931064 193
24.249403567 7.720416217 194
24.304058616 3.667709391 195
24.376506291 4.140839507 196
24.587462048 2.147845943 197
25.145339214 3.306602277 198
25.263915283 4.7277220920000005 199
25.373120085 3.935213296 200
25.439648285 3.200228527 201
25.594674352 4.557429967 202
25.633401051 2.993561503 203
25.633924519 3.594904009 204
25.739831717 4.201672263 205
25.746155211 2.806001391 206
25.845113505 5.10856839 207
26.358617155 4.720209195 208
26.433470353 4.4945702910000005 209
26.484386061 5.1466181970000004 210
26.488551108 3.7485974950000003 211
26.701247778 3.460707963 212
26.798530742 2.856809719 213
26.82230331 3.681922257 214
26.899853893 3.5592193610000002 215
27.121430202 2.879138084 216
27.286852306 3.645646351 217
27.333629355 4.493590289 218
27.356586485 7.822257969 219
27.386133295 3.544637481 220
27.461160701 3.719760696 221
27.464336905 7.428993156 222
27.472616344 3.030042384 223
27.636223273 3.093458946 224
27.768361223 4.728101013 225
27.88224968 6.143674578 226
28.099494287 3.757053856 227
28.350267466 2.805831913 228
28.728561547 2.383165235 229
28.788035176 4.6459434470000005 230
28.819782262 8.684261397 231
28.828157531 5.287099306 232
28.840006099 2.995215554 233
28.916626569 3.973133138 234
28.956007475 4.11264488 235
29.099192609 7.961757231 236
29.1366771 4.49361264 237
29.326672376 2.881170649 238
29.332297296 5.290370616 239
29.337913404 5.897021091 240
29.45177973 2.5054363889999998 241
29.590608062 7.451426816 242
29.714407273 7.374878898 243
29.75994459 3.714870109 244
29.831288258 7.291588172 245
29.874935100000002 3.7298014740000003 246
30.426133974 2.778722844 247
30.502460937 3.75637123 248
30.55884347 4.013104968 249
30.639301344 4.394045197 250
30.706873162 4.962169768 251
30.762421497 2.714340387 252
30.865374459 5.721482065 253
30.870069186 3.623396537 254
30.887546576 5.843851303 255
30.892153415 3.845726633 256
30.90718852 4.261248922 257
30.992775135 3.044895759 258
31.019801614 5.675582785 259
31.022643588 5.578307262 260
31.168389691 3.420887367 261
31.248943297 6.505767935 262
31.363275284 2.814417492 263
31.62919569 3.180435615 264
31.636591603 6.392460999 265
31.644281158 5.699296309 266
31.693537322 6.048966401 267
31.801986666 3.553478905 268
31.904859915 3.556245262 269
32.003172494 5.156944171 270
32.015445371 4.868899735 271
32.117535474 4.269791669 272
32.495282 1.642805738 273
32.561353355 3.711873515 274
32.640379382 5.09324909 275
32.779483709 2.427869165 276
32.909733856 2.958719352 277
33.043414638 4.895147241 278
33.050621502 4.401501142 279
33.199155578 5.7521133760000005 280
33.316753828 3.56599834 281
33.362866233 6.016047995 282
33.387828603 2.936070945 283
33.427969377 4.278095523 284
33.562955207 4.012459278 285
33.579903905 3.528705515 286
33.58408712 4.834839402 287
33.801391637 3.950534428 288
33.91564238 3.6641757 289
34.038433564 4.788304935 290
34.512239388 2.558140285 291
34.590459662 5.14005452 292
34.640999014 4.089087134 293
34.836491843 2.38148096 294
34.934155072 5.283509105 295
34.947964244 3.294270626 296
34.959560129 4.808251505 297
34.96829315 5.918528753 298
35.065999967 4.113363014 299
35.17973229 4.12691256 300
35.296503979 4.544207113 301
35.506476746 3.452197596 302
35.511377961 6.561831039 303
35.624122969 6.273864612 304
35.865773925 4.011826688 305
36.354681577 5.10156671 306
36.664946525 3.909487698 307
36.673128326 4.518629261 308
36.766118922 5.01234325 309
36.836670399 5.283101132 310
36.842639464 5.389227819 311
36.847996792 5.49470976 312
36.924312851 2.065035121 313
37.042791785 2.684531227 314
37.310779626 4.354945698 315
37.446346084 3.188212261 316
37.559005949 5.204195032 317
37.5633097 4.006420605 318
37.643481234 5.388920596 319
37.689878981 5.134783733 320
37.754035923 3.095224283 321
37.81902451 4.763012835 322
37.885561325 4.428782421 323
38.273432394 3.714843036 324
38.282231553 4.224454875 325
38.379657338 4.722622047 326
38.578468073 4.120123122 327
38.587561573 4.629902727 328
38.808534975 5.952929594 329
38.937635075 7.784618732 330
39.310038153 8.657971721 331
39.317551508 3.7569482450000002 332
39.409658204 3.9491423020000003 333
39.449217105 5.291311462 334
39.513312883 3.251640518 335
39.570034881 5.812772241 336
39.612113085 6.455927457 337
39.638634577 5.781202923 338
39.686295845000004 3.024044556 339
39.699787416 3.137728182 340
39.753663365 3.792581808 341
39.76798229 2.70506128 342
39.829645458 4.87017658 343
39.831560775 3.670103755 344
39.860509671 3.398593489 345
39.893977993 7.238681744 346
39.97772885 4.216912306 347
40.022414504 4.361720296 348
40.02636312 6.669795893 349
40.028363316 6.771953947 350
40.126947493 4.766558073 351
40.358090532 5.298348262 352
40.690742858 2.526238689 353
41.542608359 3.0776035840000002 354
41.67623032 4.513103975 355
41.779474328 3.414671886 356
41.7892642 5.728022298 357
41.819130282 6.659159318 358
41.86495406 4.000839084 359
41.904351497 5.141969215 360
41.926083212 4.56264772 361
41.956936352 4.192999347 362
42.106406023 6.245414091 363
42.294305624 4.830729512 364
42.327803607 3.662460382 365
42.567536588 4.603259485 366
42.680260134 5.717630155 367
42.770658938 5.507334075 368
42.774490661 4.509822593 369
42.793989441 3.728125817 370
42.816234307 3.650085438 371
42.882129841 4.817741594 372
42.890245495 8.131196179 373
42.890503178 5.2266579140000005 374
43.002040306 5.43834473 375
43.011616382 4.446460733 376
43.082558991 4.216970104 377
43.122652695 6.760847334 378
43.263282984 8.003114338 379
43.697505249 3.12881106 380
43.810405047 4.443918573 381
43.927410697 4.260494719 382
44.199091032 4.632285869 383
44.475352309 4.106947821 384
44.535368126 4.367456037 385
44.61355542 5.848122745 386
44.658265961 4.891120582 387
44.779685741 5.513381597 388
44.812385816 7.949845023 389
44.90616193 4.938699006 390
44.911696361 4.643556462 391
44.946818689 4.277906267 392
45.003128015 5.135878703 393
45.012448882 4.14316459 394
45.049460322 4.981774204 395
45.181763889 6.216052129 396
45.215665449 4.045791581 397
45.337477231 4.868944381 398
45.350615447 4.381193959 399
46.76143102 4.289001096 400
46.802672801 4.9313606320000005 401
46.831816146 5.261110277 402
46.852742253 4.580733117 403
46.889648421 5.419139888 404
46.904849779 4.131980922 405
46.934052158 5.663941434 406
46.973820335 4.601575628 407
46.981991513 5.210905973 408
46.996203017 5.926555865 409
47.030433529 4.157458881 410
47.03522672 4.863332058 411
47.155101053 5.784801284 412
47.330329088 4.757694389 413
47.366800072 3.291760339 414
47.367864217 4.695082599 415
47.370259016 6.601085621 416
47.375003362 4.101198871 417
47.37939669 7.912727091 418
47.465379108 5.49397783 419
47.510384093 5.839487 420
47.560332251 3.986013183 421
47.624008703 5.552381737 422
47.712279964 4.739027902 423
48.371814647 3.896111436 424
48.390234035 4.515370597 425
48.39625961 4.721838054 426
48.401191979000004 3.524775408 427
48.615727216 4.841056397 428
48.837844991 4.562508402 429
49.039529455 3.862602781 430
49.043355913 5.569290033 431
49.156211601 5.181212626 432
49.18397936 3.806710995 433
49.887375241 5.712153717 434
49.996373807 5.320378034 435
50.201664379 6.827703034 436
50.221782087 7.148357615 437
50.224075461 5.447862984 438
50.264103622 5.88862034 439
50.270520435 4.993405169 440
50.413109359 3.23068844 441
50.417593851 4.239227963 442
50.420631785 3.941757988 443
50.47235007 7.298743189 444
50.540088656 5.563463231 445
50.602360062 5.125011182 446
50.606989623 3.524775357 447
50.782964509 3.400249955 448
50.786172809 5.7094088670000005 449
50.873743506 5.296225346 450
51.035801768 6.459930409 451
51.134791593 5.156721994 452
51.142300947 4.460806493 453
51.277358706 5.59970347 454
51.310988965 4.729643902 455
51.944202926 5.865947317 456
52.059818511 4.376751139 457
52.26216686 3.277097562 458
52.290033777 6.011542525 459
53.087855196 5.605023758 460
53.094191711 7.316425612 461
53.169846861 5.887222555 462
53.297756265 4.112368314 463
53.393424824 3.606974417 464
53.477254193 5.593944832 465
53.926372276 6.944370658 466
54.036995295 4.651240418 467
54.069037567 5.684988873 468
54.207345553 5.422514643 469
54.357484255 6.173745856 470
54.54727129 5.261714059 471
54.591349362 6.307410412 472
54.597537831 6.013161178 473
54.711964666 7.830116371 474
54.720359751 6.636748935 475
54.729595204 5.14353954 476
54.73835539 8.359655575 477
54.74683362 4.759973609 478
54.759523256 7.977867169 479
54.872688479 6.889325146 480
55.121627068 7.538719914 481
55.231551559 5.745636885 482
55.343029685 9.465145606 483
55.473590499 5.186215602 484
55.498210453 3.7079912310000003 485
55.583893235 3.993902302 486
55.846990699 3.4557265 487
55.945487589 7.461361985 488
55.947816854 5.159552115 489
56.0573962 7.172441385 490
56.093261849 4.403161177 491
56.170896449 8.387716329 492
56.323616339 4.032521048 493
56.405117075 4.915356413 494
56.505463163 5.316305986 495
56.655960157 6.569008821 496
56.799478486 5.409864882 497
56.909808793 5.820893549 498
57.51927987 4.727493644 499
57.528771446 6.640253391 500
57.630537168000004 4.237727154 501
57.678983441 5.08743334 502
57.815257182 7.628110269 503
57.954328723 8.067628185 504
58.052039293 9.367411333 505
58.227456939 8.541114748 506
58.334451226 4.741363562 507
58.334907691 9.249655183 508
58.513772698 5.621801213 509
58.532507234 5.239916535 510
58.581956249 5.089029547 511
58.607524091 5.91588624 512
58.673321497 6.482434235 513
58.69913023 4.304659699 514
58.737653227 8.149749926 515
58.802564616 6.912132949 516
58.87154998 8.484006183 517
58.945795746 6.855068765 518
59.039594424 7.7502402660000005 519
59.110892034 4.616314831 520
59.115757397 5.322196872 521
59.304344957 5.410656209 522
59.311046361 6.218815357 523
59.317678964 6.826265193 524
59.346572775 8.858785648 525
59.38027089 6.187897186 526
59.386640219 7.396026795 527
59.567379294 4.271211584 528
59.592377347 8.904283061000001 529
59.759710496 2.960800465 530
59.855937217 3.257395936 531
60.032284905 3.734407215 532
60.037547196 7.04544921 533
60.068571962 9.079883783 534
60.120127705 6.126326969 535
60.197022733 6.503696419 536
60.266764488 4.770355194 537
60.459743706 6.16544799 538
60.613789915 4.215657802 539
60.629311786 5.433340663 540
60.667930232 6.574044382 541
60.749016328 4.952017424 542
61.016981347 6.822886933 543
61.11549632 4.216449985 544
61.138492861 6.243020342 545
61.24937337 5.352170022 546
61.274703438 5.277312428 547
61.363804259 3.964046899 548
61.533629403 5.035296209 549
61.540949096 5.443418593 550
61.547600902 6.151276164 551
61.554196643 4.354772664 552
61.595260485 4.896500331 553
61.59692967 5.3991473800000005 554
61.675194664 6.679639994 555
61.74327423 6.64755879 556
61.800003658 7.004770625 557
61.853481052 7.2586712460000005 558
62.453993667 1.948239722 559
62.609297143 5.510051824 560
62.799186456 4.496923227 561
62.806972697 4.906416064 562
62.86608876 7.169272166 563
62.943778696 5.944608069 564
62.969957891 8.274917978 565
63.028936686 3.12413635 566
63.044230009 4.24120073 567
63.165145234 7.56856505 568
63.345738522 4.943223692 569
63.491537902 3.686905077 570
63.74445699 4.340517184 571
63.85794346 4.654324045 572
64.037622541 4.533477899 573
64.373166215 5.670220784 574
64.373714021 5.7708483600000005 575
64.377319628 7.077779637 576
64.378494778 6.778455198 577
64.383887511 5.08011148 578
64.404012472 4.399033345 579
64.411567413 6.911653736 580
64.418367256 4.112903672 581
64.848741696 7.148583591 582
64.904531409 5.300256951 583
64.909820432 5.205364617 584
64.915966005 4.7106239720000005 585
65.002418089 6.900597362 586
65.05103733 6.047719876 587
65.164926226 5.059750452 588
65.172895142 6.269694742 589
65.182241002 6.078778808 590
65.279412415 7.278701243 591
65.780338115 4.473160818 592
65.943309613 7.440634459 593
66.087544701 5.381423723 594
66.202304137 5.095501431 595
66.261878345 5.655897885 596
66.265263186 3.355018344 597
66.439087219 5.232095419 598
66.587248519 4.7792597 599
66.853543408 8.651464966 600
66.969826403 6.063418949 601
67.07053867 4.360713765 602
67.177955048 5.169686924 603
67.249256408 4.739864988 604
67.339387904 5.130619228 605
67.341210349 6.534922112 606
67.343762654 4.934575802 607
67.361389314 4.350902408 608
67.382948003 4.773357657 609
67.390541844 5.883039757 610
67.417597741 3.906003977 611
67.420950756 5.713116122 612
67.497637544 6.491099127 613
67.562906756 5.955303038 614
67.605483793 7.199930081 615
67.65995528 5.751823949 616
67.667298878 6.259955763 617
67.675777524 5.567234801 618
67.684211653 4.874198027 619
67.693689667 9.893310331 620
68.317558855 2.102054636 621
68.480055331 5.369296526 622
68.630070945 6.321115664 623
69.031908024 4.418693568 624
69.046960971 5.8360016560000005 625
69.141242103 4.928497396 626
69.983018393 4.769012421 627
70.122646134 6.711246428 628
70.34797631 5.5344961690000005 629
70.391486575 4.376300836 630
70.455816053 5.542233502 631
70.47800232 3.962106469 632
70.483550156 5.169395993 633
70.49189977 4.076161372 634
70.496917014 6.184095377 635
70.551673982 4.836933685 636
70.55791252 5.143563264 637
70.590823288 6.778611865 638
70.614232155 5.500363989 639
70.618033601 5.604290372 640
70.620589729 4.805688132 641
70.681299494 6.969280187 642
70.746127359 6.233077895 643
70.863846841 6.851427665 644
70.891470542 6.478528166 645
70.945465228 6.232130647 646
71.029024952 5.514581017 647
71.045362996 7.4335915870000004 648
71.121080421 5.005771442 649
71.125957899 5.210923032 650
71.153329565 5.538724982 651
71.283053185 7.971871363 652
71.349378128 7.236788369 653
72.313358434 2.693000739 654
72.472551695 4.6547836920000005 655
72.540880663 4.12230698 656
72.610202799 3.991310269 657
72.692960485 4.675023632 658
72.945090981 6.02861637 659
73.071088947 6.755465646 660
73.077198472 6.461198307 661
73.174314143 5.556790168 662
73.758956918 4.739491046 663
73.863019769 6.545851489 664
73.918870812 4.999525392 665
73.982575848 7.166250713 666
74.074689277 6.657427438 667
74.228256634 5.909847063 668
74.367389034 6.449568676 669
74.484309872 7.467610513 670
74.498153894 5.278398432 671
74.542753558 5.723666339 672
74.607830191 5.488233696 673
74.614067768 6.4960241530000005 674
74.706369838 7.990209843 675
74.711386467 10.799102886 676
74.755527519 7.538551854 677
74.764919486 6.24613348 678
74.815265462 6.096275786 679
74.902990682 7.385604167 680
74.92751522 6.7093753110000005 681
75.09478568 7.97800374 682
75.204538294 7.486877834 683
75.442857746 6.122938849 684
76.043663223 4.620042711 685
76.19138939 4.367303244 686
76.197153467 5.274503731 687
76.393475987 5.070080252 688
76.503399963 4.478909069 689
76.510869059 6.690188993 690
76.518807901 5.696430128 691
77.043020792 4.117306886 692
77.328236393 6.8064472170000005 693
77.438227728 5.113396126 694
77.48417404 5.059186399 695
77.566477354 7.54543756 696
77.581962228 6.058207397 697
77.584668145 5.460090391 698
77.58621055 4.960938667 699
77.591031964 6.467982881 700
77.595862124 6.372624092 701
77.677033792 5.752737517 702
77.694875782 7.573737045 703
77.730939221 6.006933657 704
77.842109288 5.317005153 705
77.941299236 6.317437716 706
77.9563177 6.933486126 707
78.069071811 5.8443093610000005 708
78.10128237 7.679572662 709
78.19046344 8.670194622 710
78.191040862 7.468794372 711
78.434899231 8.51408102 712
78.927220412 9.206672863 713
78.935837432 8.313804839 714
78.944797353 9.524770483 715
79.044122077 8.722640983 716
79.454871559 3.424295575 717
79.560318501 5.032027681 718
79.601606388 4.572519041 719
79.602657342 6.17622558 720
79.610541453 9.389292299 721
79.714072662 5.386052889 722
79.71499419 4.786070411 723
79.735275873 3.804838155 724
79.891272935 4.161138824 725
79.897788175 6.170728631 726
80.362288433 5.633724531 727
80.366557491 5.738059817 728
80.372176691 4.541947682 729
80.378992873 6.251289402 730
80.712266477 7.08540569 731
80.822536788 5.993779671 732
80.889282953 7.863414133 733
80.944701965 7.818729526 734
80.985301736 6.957791671 735
81.002703784 7.476052052 736
81.053165418 7.225887126 737
81.083534198 7.757337562 738
81.135920218 5.505987654 739
81.168024853 5.037349219 740
81.200398647 5.670616038 741
81.358294996 4.827009599 742
81.388787652 5.157930032 743
81.436337035 8.610735214 744
81.444294989 8.218237932 745
81.45141102 6.222098089 746
81.512966229 6.083409619 747
81.51769477 7.590309059 748
81.521469887 5.090283943 749
81.617687081 7.389814537 750
81.728891915 7.300699338 751
81.918943785 9.193502448 752
82.268412992 6.938963435 753
82.933923661 3.697980893 754
82.981938347 6.350500896 755
83.047225492 4.212070887 756
83.342916263 3.205780829 757
83.344155304 5.611041856 758
83.505732815 4.570396876 759
83.652181901 8.522950211 760
83.659852704 5.325462297 761
84.261329315 7.129036689 762
84.265917513 6.232163228 763
84.498673027 7.166131256 764
84.623833589 6.389613425 765
84.73576644 5.700251013 766
84.85021716 6.415562302 767
84.963550115 5.327097496 768
85.559194109 6.022868143 769
85.792043605 7.658028863 770
86.010125897 9.278343073 771
86.016575481 9.084562075 772
86.022854217 8.189538633 773
86.030033284 8.497207278 774
86.10406471 6.667864401 775
86.156618941 4.717734562 776
86.230020158 6.393313331 777
86.282242635 3.039783189 778
86.285797273 6.549217082 779
86.416647299 7.080583795 780
86.422814045 9.190417661 781
86.429985612 9.397801887 782
86.448363936 7.713328039 783
86.613461411 9.180759184 784
87.325990268 5.486438908 785
87.37690454 7.339995544 786
87.440895137 5.701556765 787
87.506468854 6.76844686 788
87.970250782 6.9317894970000005 789
88.07448497 4.731818849 790
88.27214779 4.428553932 791
88.615689415 7.27690618 792
88.744532803 5.702556296 793
89.243408274 8.906057588 794
89.448915916 6.8078261 795
89.562271712 9.124636244 796
89.603297938 8.664943093 797
89.726868918 8.087665513 798
89.84288614 9.004682866 799
89.869288714 3.221202548 800
89.953681701 7.112178937 801
90.264554973 9.025857517 802
90.554700626 9.015729879 803
90.644813006 4.898141659 804
90.763064283 4.615843585 805
90.820884412 5.575009399 806
91.010358141 4.762948972 807
91.145485531 7.001410595 808
91.609328506 7.865858561 809
91.774112579 7.5299070740000005 810
91.883616144 6.537655452 811
91.934044571 7.289244047 812
91.994801178 5.947727136 813
92.061454393 6.414973901 814
92.64181491 7.496177353 815
93.038315782 8.193226074 816
93.046484479 7.199688559 817
93.081165377 7.134252416 818
93.295482731 9.652142144 819
93.30948048 8.965066248 820
93.313969992 6.766108625 821
93.66128664 6.913046768 822
93.737329875 11.396931241 823
93.854048817 15.219087372 824
93.973200782 15.438399729 825
94.110693264 16.1771976 826
94.206459626 10.663362376 827
94.328742027 6.879539718 828
94.331708669 4.97930795 829
94.334247505 12.394550625 830
94.690550781 12.149686522 831
94.925882955 18.59488329 832
94.953683173 15.817714933 833
95.068379944 18.236486486 834
95.180885045 13.140924251 835
95.272353716 6.821374457 836
95.323736568 15.086482285 837
95.339095471 5.385635309 838
95.434465013 5.6812970830000005 839
95.55512949 7.304451188 840
95.611690682 7.661704534 841
95.62787752 4.57258943 842
95.630330016 7.78047853 843
95.635051597 6.583210438 844
95.683703538 15.145943007 845
95.703278645 8.554450073 846
95.745867233 6.593824764 847
95.757275903 5.903950918 848
95.868375696 5.213701822 849
95.894775078 13.654603019 850
95.973994464 8.324468888 851
96.108853989 13.167134478 852
96.10895204 8.559557333 853
96.339459691 13.898819361 854
96.552246681 16.615418892 855
96.734566525 19.101585683 856
96.833127361 15.694532535 857
96.83487402 13.692633442 858
96.91783176 7.966085922 859
97.004855584 13.56196848 860
97.293006986 15.152932925 861
97.480115901 14.738837335 862
97.581403623 12.636119627 863
97.721196158 17.083307121 864
97.777604039 5.419725914 865
97.847255513 7.392916843 866
97.854767019 13.410212757 867
97.906687952 5.84926108 868
97.949359525 8.296384257 869
99.028549639 7.772703491 870
99.154050505 7.797979839 871
99.375477459 6.8172613250000005 872
99.785912484 15.842190795 873
99.820608708 5.459588594 874
99.99138706 6.832303392 875
100.015658917 6.5562184850000005 876
100.042747683 5.982447015 877
100.164647047 6.805307714 878
100.276909935 13.328328802 879
100.32800646 7.669686191 880
100.33455654 8.677911987 881
100.389782595 9.434571517 882
100.469713133 7.510911845 883
100.572885818 8.114913321 884
100.810700605 14.363001853 885
100.817259775 10.463067412000001 886
100.846517754 9.690918684 887
100.852780604 7.994202093 888
100.857519231 9.401260032 889
100.948700596 10.193915389 890
100.955511583 6.794922835 891
101.050970669 7.992068507 892
101.163582076 6.902716885 893
101.272090361 11.018105131 894
101.508432394 7.948868626 895
101.517273172 11.36339695 896
101.520827231 16.976117321 897
101.529454532 9.572174342 898
101.534872317 15.988620046 899
101.694756487 13.544348928 900
102.140197647 10.583672771 901
102.147736203 14.398082628000001 902
102.280010326 5.916182677 903
102.289553117 13.037369541 904
102.423456781 7.66177665 905
102.43325842 5.668747837 906
102.433385979 5.167923351 907
102.436613319 7.975353883 908
102.579086591 13.026306156 909
102.605306413 6.642076637 910
102.605943794 8.745967146 911
103.536377828 9.576330886000001 912
103.565857765 5.098299839 913
103.648340327 6.082445863 914
103.690267934 6.52501515 915
103.701532052 11.543975011 916
103.759153004 8.697070992 917
103.796885028 5.83023455 918
103.832252128 15.180939221 919
103.905795077 15.054208116 920
103.92726052 5.359562704 921
103.934413961 6.168119733 922
103.938621304 8.676214333 923
104.119679435 19.374716514 924
104.246094127 16.997135632 925
104.252152471 9.290189112 926
104.258992406 9.096766605 927
104.378714254 7.914745966 928
104.43703431 17.388303312 929
104.437587949 19.39205032 930
104.439403533 18.993220818 931
104.458019151 8.795219788 932
104.552023043 6.184680291 933
104.623924067 10.864123454 934
104.652736399 6.585879581 935
104.664006236 12.40623464 936
104.763024565 8.699660426 937
104.808767685 16.057315315 938
104.876295897 20.832454103 939
104.98156838 6.113265926 940
105.161983358 14.607425054 941
105.187885799 17.838848091 942
105.306112891 17.255901222 943
105.426421578 18.577973483 944
105.532467753 13.675418715 945
105.610960571 9.747893224 946
105.645998813 8.781347178 947
105.6490867 11.087696223 948
105.746713998 17.195502563 949
105.927964749 11.066122835 950
105.961484246 15.106453817 951
106.081403952 9.817789341 952
106.088695954 10.325763455 953
106.093980729 10.531275979 954
106.112467478 9.948959101 955
106.188763656 13.430307366 956
106.212400313 8.546253124 957
106.296873792 13.037695694 958
106.309742286 12.650083991 959
106.449213472 18.098381385 960
106.484261074 16.430591968 961
106.5266559 6.05559048 962
106.580173482 10.016065236 963
106.648410918 7.980516168 964
106.703026629 7.133371151 965
106.789900582 15.03299262 966
106.807766326 11.345156292 967
106.815781428 6.745174124 968
106.891994181 20.544480882 969
107.024040976 10.359751336 970
107.165536358 17.712966275 971
107.731164952 7.760781688 972
107.890533607 8.821790099 973
107.992546867 8.523095721 974
108.473025822 8.602868703 975
108.478599692 8.207780679 976
108.483342107 8.112391282 977
108.807319989 8.135896497 978
108.980408844 9.71131186 979
108.984553486 8.813846297 980
109.078826127 10.310733442 981
110.269829766 9.197966697 982
110.281829474 10.912595622 983
110.545058539 13.580148834 984
110.582704083 9.811170602 985
110.591512283 10.921661288 986
110.718457748 13.653432274 987
110.76823408 10.196967348 988
110.847916246 12.98143938 989
110.948920144 11.178960282 990
111.122211195 12.855040753 991
111.241869808 13.074814487 992
111.334355931 10.362610554 993
111.34588222 13.980305983000001 994
111.42250068 12.253597421 995
111.527855809 16.86628276 996
111.550588703 14.084806412 997
111.611962459 10.740319184 998
111.72146386 12.752968452 999
111.868589894 16.5061133 1000
