14.520253899 4.19
25.527256084 4.49
36.385453895 4.49
47.056066134 4.39
58.045852815 4.19
69.076418551 4.19
79.851250466 4.19
90.611281395 4.29
101.601084978 4.59
112.461329676 4.39
123.721961135 34.8
134.505965974 4.49
145.637245107 4.78
156.424920094 4.58
167.162877734 4.58
177.916813754 4.59
188.974765786 7.27
199.669270057 4.79
210.141853773 4.58
220.988425416 4.38
231.787139678 4.08
242.501450408 4.78
253.25673235 43.53
264.511270741 4.48
275.220907497 5.38
286.499828321 4.38
297.787401625 4.38
308.779315663 4.18
319.740117636 4.38
330.944070066 4.08
341.994476744 4.48
352.871838208 3.78
363.927860873 5.98
374.933997512 7.36
386.025573774 29.45
397.233184067 10.75
408.169113669 4.98
419.247443438 4.48
430.073908752 4.38
440.850305307 4.17
451.960196136 4.27
462.503314709 4.17
473.167617061 4.17
483.80720377 4.17
494.509162449 4.27
505.986146722 4.18
516.833432697 7.06
527.406282596 33.3
539.298583339 5.07
549.852945135 4.27
560.779263284 4.57
571.577852643 4.37
582.268200777 4.47
593.165149176 4.47
603.905127871 4.27
614.674273816 4.17
625.25125884 3.78
636.34230836 4.47
647.074670063 4.07
657.961457293 7.75
668.551884536 24.33
679.487461154 13.01
690.38035956 4.07
701.159877216 4.27
711.965457733 4.97
722.569837454 4.37
733.59017044 4.37
744.874550155 4.87
755.978849824 4.07
766.539364812 4.07
777.352258731 4.47
790.117847783 7.34
801.150922795 4.77
811.935490404 4.17
823.118220193 48.71
834.673236759 4.56
846.329448071 4.86
857.130872256 4.27
868.170321037 4.46
879.000645028 4.07
889.850385786 4.96
900.517444317 4.27
911.493344308 4.46
922.338550309 3.87
933.30127945 4.86
944.196299627 7.83
954.944362984 5.05
965.814117811 49.36
976.535172886 19.98
987.262845842 6.54
997.969013636 4.26
1008.940864875 5.05
1019.735533774 4.76
1030.583121372 24.23
1041.532368997 4.16
1052.340411553 3.96
1062.915358454 4.46
1073.866921783 4.76
1086.750528916 4.36
1099.135773455 17.23
1109.903578545 19.7
1120.681285232 25.74
1131.593782261 4.75
1142.453953803 5.84
1154.866302277 4.75
1166.061351527 4.15
1176.810466898 4.15
1187.533730422 25.64
1198.483097105 4.35
1209.139176565 25.52
1220.216574994 8.8
1231.202508788 4.65
1245.417266507 29.87
1258.666708198 15.42
1269.675391112 31.26
1280.754578286 4.85
1292.157579352 4.65
1302.998776273 5.04
1313.793133412 4.35
1324.76492949 4.64
1337.541277499 4.74
1348.467644314 4.94
1360.939209386 4.43
1372.014433844 5.92
1383.189021543 8.3
1394.378243444 4.64
1405.317885584 4.35
1416.30828335 17.31
1427.306733808 29.02
1438.268716004 4.15
1449.196405187 5.84
1462.518059889 5.14
1475.086153396 5.13
1489.702167962 9.27
1500.890417032 4.24
1512.135492452 2.47
1523.024745485 1.48
1533.87163482 2.76
1544.650369484 1.78
1555.278459236 2.76
1566.132864513 1.88
1576.951370221 2.08
1587.829405492 3.46
1601.487511942 3.85
1614.304067085 21.82
1629.175540507 2.37
1640.76561225 2.86
1651.637058745 1.87
1662.477506399 1.87
1673.313840008 1.68
1684.110324527 1.78
1694.926573245 1.88
1705.733565415 1.78
1716.612731744 1.67
1727.434487572 1.97
1738.22091502 26.75
1749.198319168 3.94
1761.528130944 14.5
1773.310944152 27.94
1784.006493277 1.78
1794.695255285 2.17
1805.487609969 1.58
1816.321636666 1.87
1827.248964042 3.06
1837.940910807 2.86
1848.76938442 1.78
1859.465215251 1.78
1870.289299886 1.78
1881.089005683 1.78
1891.918077556 5.42
1902.751144412 2.07
1913.587668511 1.68
1924.598023312 1.87
1935.324711002 2.76
1946.150405918 2.86
1956.987618001 1.78
1967.85084298 1.88
1978.654651851 1.87
1989.481912087 2.17
2000.289349896 1.87
2011.13935836 5.33
2021.947549363 2.66
2032.77153051 1.58
2043.60385116 2.76
2054.4345783 1.97
2065.287537292 1.97
2076.197611433 1.78
2087.045804003 1.97
2097.898282082 28.43
2108.707574851 2.07
2119.580434976 1.97
2130.423261124 1.77
2141.247705361 2.96
2152.09862072 1.87
2162.949418229 1.78
2173.795840508 1.88
2184.678672087 1.97
2195.607390761 2.66
2206.909663106 2.27
2217.60688799 5.42
2228.263450648 1.78
2239.219620985 2.56
2250.067810473 1.58
2260.889948389 2.57
2271.737204301 1.88
2282.460114233 1.78
2293.309174352 1.87
2304.169583658 1.78
2315.010622034 1.78
2325.873345631 1.78
2336.714340262 19.15
2347.600964985 13.39
2358.39537829 2.86
2369.226977729 1.97
2380.065849705 1.78
2390.890907278 1.58
2401.737419988 1.88
2412.580386188 1.97
2423.455673174 1.78
2434.28739115 2.17
2445.127833638 2.86
2455.929220695 3.16
2466.78158302 5.33
2477.628122065 1.78
2488.543306841 2.17
2499.393293561 1.97
2510.22611295 2.07
2521.071433454 1.87
2531.906336992 1.87
2542.729119373 1.68
2553.507817428 3.06
2564.318448241 2.86
2575.148876139 1.87
2586.004392591 5.72
2596.791782753 1.87
2607.585469762 1.68
2618.508491904 1.97
2629.388971276 1.77
2640.262687404 1.67
2651.164220464 2.27
2662.062690226 23.15
2673.394963175 2.07
2684.210134057 1.87
2695.059111269 1.68
2705.801489529 5.53
2716.674843039 1.97
2727.536449364 2.76
2738.393762334 1.87
2749.229083223 1.78
2760.051989112 1.58
2770.827251693 1.97
2781.530643419 1.58
2792.393752441 1.68
2803.201407827 2.17
2813.888100354 1.48
2824.720301645 5.33
2835.541290429 4.54
2846.387981334 18.76
2857.215462264 1.78
2868.037349187 1.68
2878.852676116 1.68
2889.663709594 1.78
2900.517519695 1.78
2911.331356726 2.56
2922.162482151 1.78
2932.996459027 1.97
2943.857164537 1.97
2954.649531028 1.88
2965.475576959 5.23
2976.446061359 29.16
2987.131521817 1.87
2997.980075527 44.08
3008.825571059 1.87
3019.700722454 2.17
3030.527538515 1.77
3041.360568906 2.66
3052.171256051 1.88
3063.039669416 1.68
3073.877651717 2.07
3084.752090587 1.78
3095.654266988 26.75
3106.578727651 1.77
3117.449938758 1.97
3128.298426533 1.78
3139.163382304 2.17
3150.09490081 2.07
3160.960736852 12.44
3171.83809915 6.31
3182.976000066 1.87
3193.812025848 2.07
3204.656242237 1.97
3215.518490491 5.03
3226.349803686 2.17
3237.139499216 1.87
3247.959835283 1.67
3258.763591118 2.17
3269.655625886 2.17
3280.519364307 2.76
3291.387146297 2.47
3302.129497726 2.07
3312.981782651 2.37
3323.776813518 1.78
3334.593531249 1.77
3345.451153665 5.82
3356.248243929 1.88
3367.107228114 22.61
3377.952014573 2.17
3388.926125439 2.17
3399.652476937 3.45
3410.49022797 2.07
3421.300487818 1.97
3432.15357743 2.07
3443.015290099 28.4
3453.840425643 2.07
3464.684452222 1.88
3475.478129303 1.78
3486.308597798 2.76
3497.078362289 2.07
3507.88963766 1.68
3518.765503392 2.76
3529.602369736 1.87
3540.438520398 1.68
3551.241273917 1.88
3562.082433677 6.02
3572.941424249 1.78
3583.86547811 2.07
3594.738514719 1.78
3605.700092255 2.56
3616.744256801 1.78
3627.466953037 1.97
3638.143654489 1.68
3648.969568016 3.06
3659.789587762 1.68
3670.643565218 1.87
3681.452572489 13.92
3692.321486169 8.79
3703.163304248 1.97
3714.005662049 1.58
3724.886885772 2.66
3735.585818781 1.87
3746.403186362 1.68
3757.202673167 1.78
3768.068600313 2.86
3778.959771514 1.78
3789.792402862 2.07
3800.805412443 6.9
3811.502239521 1.87
3822.32685289 2.07
3833.194782088 1.88
3844.026425049 29.02
3854.885566235 2.07
3865.708454621 1.97
3876.560470179 1.78
3887.386262485 31
3898.213011248 1.78
3909.040413702 1.78
3919.902313929 3.15
3930.789383829 1.87
3941.554787872 1.78
3952.421461342 2.07
3963.260286953 23
3974.087760517 2.17
3984.922973354 1.87
3995.811253284 2.17
4006.718403497 10.26
4017.553840289 55.28
4028.361139719 9.68
4039.111152294 58.61
4050.703229294 25.17
4062.323178909 62.03
4073.803008531 45.32
4084.580058582 2.69
4095.665408719 2.3
4106.649273512 3.19
4117.225592272 2.1
4127.888913117 1.8
4138.46600608 2.1
4149.113792454 2.99
4159.733217342 12.57
4170.664548148 66.6
4181.455622002 51.8
4192.281143351 6.19
4202.974992486 6.59
4213.646344079 8.38
4224.178848889 6.08
