14.132313984 6.7
25.039425564 13.3
35.753522835 18.4
46.611288964 22.3
57.351811632 18.8
68.193796898 12.7
79.017510712 17
89.814433903 24.1
100.538773996 14.7
111.096344692 9.6
121.921939253 22.5
132.799485367 13.7
143.787173399 29.4
154.55045117 22
165.345795411 16.9
176.090113832 15.2
186.668708231 18.7
197.493916466 24.9
208.239707238 25
219.138569867 18.98
230.32340269 19.4
241.019330728 19.1
251.618722266 26.4
262.19297881 22.9
272.76208416 9.6
283.478511382 28.4
294.20456087 21.08
305.874276842 9.3
316.603802325 24.7
327.338430763 24.9
338.131069272 12.4
348.746521948 20.4
359.464722632 25.7
370.428710418 23.2
381.165378989 29.7
391.912657906 22.1
402.761577339 17.5
413.564790332 30.3
424.318496077 29.3
435.16480611 27
445.865718792 26
456.688389715 26.5
467.304561109 20.1
477.779422463 11.8
488.51661503 34.1
499.365876106 34.8
510.255607107 10.3
521.38173879 22
532.11158878 35.6
542.853699585 3.1
553.691557712 41
564.442317553 21.6
575.165576639 17.3
586.090938032 46.9
596.896264527 3.7
607.763417198 47.3
618.663647298 3.4
629.097236925 18.1
640.514629967 19.7
651.354496609 3.6
662.097434833 54
673.254284277 3.3
683.958560464 42.8
695.500570051 4.7
706.336567854 3.8
716.961620859 72.8
727.727788903 3.3
738.331027148 3.6
749.133500701 75.7
759.894719254 3.6
770.736329082 3.9
781.457291983 56.3
793.46240949 22
804.142697322 3.6
814.880720945 24.2
826.559372876 65.6
837.317525995 3.4
848.162408854 3.8
859.033834746 42.7
869.936898288 65
880.766480151 4.2
891.491555984 3.8
902.371760775 26.9
913.48879943 84.2
924.137567808 4.2
934.868796561 4
945.730785772 4
956.599377779 67.7
968.77816175 50.6
979.411843488 4.2
990.216817094 4.1
1000.832500822 4.1
1011.60956464 56.3
1022.725246567 73.3
1033.63267643 4.2
1044.382133907 4
1055.023913794 3.9
1065.769303023 4.1
1076.225023892 79.7
1088.361524233 75.6
1099.06731179 4.2
1109.720585887 4.5
1120.452548093 4.5
1131.059763235 4.2
1141.774634591 15.6
1153.861167626 93.4
1164.856357312 52.35
1175.539976849 4.4
1186.477474272 4.5
1197.628612547 4
1208.624772326 4.5
1219.894018183 4.6
1230.901006977 66.5
1243.831388506 91.4
1255.846572893 18.9
1266.737749222 4.3
1277.626436224 4.4
1288.184537745 5
1299.009679517 4.5
1309.845943079 5
1320.257373027 5
1331.015260127 73
1341.948368426 93.2
1352.72087833 93.6
1364.004703433 4.6
1375.257404665 4.8
1386.206812288 4.7
1396.834472029 4.4
1407.619394401 4.4
1418.366474654 4.5
1428.99466138 4.3
1439.613393516 4.9
1450.08793999 78.5
1461.318612174 94.4
1472.937664027 94.6
1484.137961122 94.2
1494.761101955 5.2
1505.301292088 4.7
1515.822691283 4.5
1526.337335495 4.5
1536.911255637 4.4
1547.455881516 4.1
1558.141597255 4.9
1568.660580172 4.5
1579.050941096 4.5
1589.629342643 77.8
1601.158903505 92.4
1614.843026006 87.81
1626.942499996 88.7
1637.791228152 43.3
1648.324514646 4.6
1658.849624412 4.8
1669.376431064 4.7
1679.896640594 4.9
1690.43662254 4.5
1700.950826593 4.4
1711.530667854 4.6
1722.05054362 4.9
1732.620481059 4.9
1743.148795121 4.7
1753.808061676 68
1767.094709962 60
1777.627323187 4.9
1788.147216062 4.9
1798.533540867 5.2
1809.046690203 5
1819.624561033 4.9
1830.169872763 4.7
1840.711351077 5
1851.295643981 5.09
1861.869649359 5
1872.385711368 5
1882.901704279 4.4
1893.461230748 4.6
1904.019545422 4.9
1914.626215469 5
1925.165664226 4.9
1936.103302563 4.6
1946.686663375 4.8
1957.38867634 4.7
1968.219993207 4.9
1978.655468454 4.8
1989.385644614 4.7
1999.961820323 4.4
2010.476301371 4.7
2021.004333627 5.2
2031.531606532 4.9
2042.097540197 4.9
2052.734305478 4.6
2063.268894067 4.8
2073.809610218 4.9
2084.342222453 5
2094.885469642 4.6
2105.434495874 4.8
2115.986703641 4.6
2126.384654503 4.8
2136.919244226 4.9
2147.469052229 4.7
2157.991346597 4.7
2168.551736382 4.7
2179.099618994 4.8
2189.618372688 4.9
2200.144743798 4.9
2210.700668964 4.5
2221.263631534 5
2231.787572258 4.8
2242.333668296 4.9
2252.887337953 4.6
2263.437807916 4.8
2273.985309233 4.7
2284.545858 4.9
2295.07437748 5
2305.646404721 4.9
2316.04652645 4.7
2326.612608184 4.9
2337.183554858 4.7
2347.990336954 5
2358.571357622 4.4
2369.346497997 4.6
2380.0885331 4.5
2390.654732584 4.8
2401.493829256 5
2411.952400518 4.5
2422.598547129 4.5
2433.235909658 4.8
2443.777532037 4.8
2454.324431029 4.8
2464.887417499 4.8
2475.435469954 4.9
2485.974429916 4.8
2496.52963729 4.7
2507.052366851 4.6
2517.590397585 4.6
2528.097601871 5.1
2538.682417208 4.7
2549.198671404 5
2559.745458488 5
2570.384917132 4.8
2580.9065895 5.1
2591.4577842 4.9
2602.006553972 4.5
2612.579678408 4.7
2623.146461303 4.9
2633.676755784 4.9
2644.203747085 4.9
2654.751653055 4.6
2665.285428858 4.5
2675.841417806 4.9
2686.398489517 5
2696.93639791 4.9
2707.514279485 4.9
2718.201549925 4.7
2728.610718406 4.8
2739.152351048 4.8
2749.741854576 4.8
2760.742717036 4.9
2771.624965384 4.8
2782.465067875 4.6
2793.330983334 4.8
2804.0396711 5
2815.062119287 4.7
2825.660336197 4.9
2836.448764675 4.7
2847.145592512 4.4
2857.717418624 5
2868.355168707 5.1
2879.253271731 4.5
2890.135781924 5.1
2900.934056075 4.5
2911.888404888 4.9
2922.59034863 4.5
2933.614164332 4.8
2944.451241277 4.4
2955.348508131 4.8
2965.747657574 4.4
2976.482267879 4.6
2987.047553489 4.9
2997.676494407 4.7
3008.195453237 4.8
3018.766410097 4.9
3029.294285404 4.9
3039.824275288 5.1
3050.380585676 4.9
3060.906451261 4.6
3071.434807245 4.4
3081.958610524 5.1
3092.489498998 4.9
3103.017486717 4.8
3113.599561175 4.7
3124.158312806 4.7
3134.678592543 5.1
3145.213169534 4.8
3155.746409354 4.9
3166.28435475 4.8
3176.806435693 4.7
3187.385543122 4.6
3197.89153539 5
3208.420489192 4.9
3218.979117355 4.8
3229.49850338 4.9
3240.04659885 4.5
3250.600551201 5.2
3261.125539025 4.9
3271.692489229 5
3282.286627442 5.1
3292.813499939 4.5
3303.379594055 4.9
3313.884857741 5
3324.427910486 4.9
3334.846091446 4.8
3345.664312597 4.9
3356.114012155 4.4
3367.059159601 4.9
3377.651103944 4.6
3388.349631131 4.6
3399.21382506 5
3410.094911016 4.5
3420.904707064 4.7
3431.854862071 4.9
3442.490161003 4.6
3453.411648097 4.7
3463.988236955 5.2
3474.513431649 4.9
3485.041355555 5.2
3495.582085139 4.6
3506.080856632 4.4
3516.633304953 4.8
3527.194367666 4.9
3537.717229766 4.8
3548.268421294 5
3558.802523137 4.5
3569.36671236 4.9
3579.899626674 5
3590.451582109 4.9
3600.822407085 5.19
3611.407488037 4.4
3621.945585181 4.5
3632.531324566 4.9
3643.04409936 4.9
3653.450496644 5
3663.979568049 5.1
3674.550357098 4.5
3685.178320263 4.5
3695.723358528 4.9
3706.223343484 5.1
3716.818429673 4.7
3727.223409044 4.6
3738.240868401 4.8
3748.629440589 4.8
3759.20243937 4.6
3769.62543433 4.5
3780.294892293 4.6
3791.162420425 5.3
3801.962131753 4.7
3812.741093668 5
3823.78934169 4.6
3834.265999656 4.7
3844.910362646 5
3855.31733918 4.9
3865.888434522 4.6
3876.59969351 4.7
3887.371075494 4.9
3898.276871169 4.8
3908.68164027 4.8
3919.390668784 4.9
3930.042292789 4.6
3940.591365687 4.7
3951.121710731 5
3961.658368062 5
3972.183462071 5
3982.728253235 4.9
3993.258588464 4.8
4003.918624617 13.2
4014.585608594 49
4025.30328523 47.75
4036.729641588 52.1
4047.665429632 47.2
4058.192856117 46
4069.178337584 44.7
4079.647113556 12.4
4090.170972823 5.2
4100.726457528 4.9
4111.297082068 5.1
4121.827921232 5.1
4132.385752733 4.8
4142.933076723 4.9
4153.480747039 30.8
4164.393355831 53.7
4175.025334653 82.9
4185.551030676 38.7
4196.396814263 45
4207.098951783 63.6
4218.249057719 70.6
4228.976227672 54.1
