4.302260702 2.600976666
4.34688891 2.244862246
4.387225034 3.186648245
4.3894044690000005 1.886647111
4.3946650940000005 1.791788514
4.400600012 2.799479673
4.432032094 2.430240186
4.438054441 2.035526017
4.45099436 3.150230496
4.46047571 2.158080197
4.461468068 3.060618408
4.951564501 3.85115651
4.957166706 3.95694137
4.963932845 2.761668349
4.970750652 3.469741417
4.978138321 3.076557527
4.983529003 3.182135789
7.365443396 3.660590004
7.409500865 4.706398614
7.454382752 4.250564471
7.460326703 4.657145316
7.48608871 3.881494021
7.509936667 4.406377097
7.518687015 4.214714675
7.550268483 4.146101677
8.375037702 4.269567456
8.429693337 3.723382709
8.466064671 3.459199189
8.471211143 4.065302417
8.476015094 2.266734818
8.506975993 2.999173475
8.513371802 3.406368987
8.531687058 2.823419992
8.537758198 2.428678117
8.540380665 1.730050724
8.540700319 3.133099195
8.575140326 3.7687113510000003
8.58425809 1.8741884070000001
8.61763327 3.410400966
8.631597761 3.023558057
8.638862953 2.329473327
8.843928832 4.33789119
8.850707315 2.841826018
8.857041011 4.851691025
8.863451052 3.555969494
8.869965494 2.460417001
9.42280606 4.516184037
9.453537898 1.842010903
9.458855579 2.347989901
9.468425634 1.957020352
9.544623221 1.7328082930000002
9.574360402 2.2631742519999998
9.584218645 2.1728887119999998
9.888369228 2.677353976
9.894398392 2.9838004490000003
10.588438977 4.078662003
10.594583425 7.591104874
10.601134794 3.991206603
10.60750073 6.802463346
10.61377119 6.40820687
10.619647885 6.313913271
10.626151624 3.615441073
10.63217476 6.7269504300000005
10.639169112 4.730519844
10.646268049 2.934577328
10.653330924 7.7500361
10.660024547 7.155624173
10.664870593 4.8564169800000005
10.670921975 6.064792195
11.196863977 3.284982813
11.318743801 2.705844897
11.329359186 1.413430999
11.438231646 2.2239144140000002
13.492192214 3.977059127
13.524570097 4.811492605
13.527804389 5.015131262
13.587779978 4.774517386
13.592667505 5.380394017
13.599145431 5.486960814
13.631459622 4.016105761
13.636019527 4.221097071
13.641721819 4.627990488
13.642094223 3.826284025
13.649442211 3.933868585
13.666266191 4.752830007
13.760954805 5.44848174
13.961092697 5.548536994
13.966904143 5.954845764
13.975385254 4.861401307
13.982978417 4.6683922330000005
14.515778463 3.096810395
14.558239971 3.239497555
14.563884813 2.543797462
14.564692962 3.846980978
14.616132993 2.195533964
14.620277748 4.203136512
14.626062971 4.609815525
14.631918735 4.014407447
14.67956203 2.759702944
14.688636581 4.471901647
14.694347826 3.676077781
14.701358 1.879932637
14.712123102 3.593706451
14.717136265 2.49678524
14.731672788000001 2.110608695
14.753175264 3.534614753
14.758462604 2.237710264
14.868225392 2.547775367
14.880901568 4.363615341
14.88500618 4.568003325
14.910557689000001 1.488236692
14.997378071 2.075759179
15.004823014 2.283637507
15.01003593 3.491018019
15.027763647 4.911275306
15.037053808 4.219184715
15.067215255 2.946995712
15.0751573 3.455879913
15.077473755 4.159374374
15.08338977 3.263687053
15.108578854 3.389079662
15.119132944 1.596727214
15.509240797 2.287204626
15.590347039000001 1.566949525
15.604768444 1.78174545
15.709535658 2.687839512
15.716794048 2.094098805
15.71849882 1.995639772
15.723293282 2.6015181800000002
15.929340059 1.004488734
16.013497548 2.09025009
16.021983782 2.699763027
16.04893311 1.324383251
16.527792917 2.303982311
16.623128146 1.5981395090000001
16.719973382 2.095600076
17.666449671 2.8417909320000003
17.680208649 3.155955914
17.797714818 3.6741221250000002
18.07066928 3.746729829
18.078120241 3.654039375
18.793407658 3.167446726
18.848726213 2.621826731
19.161206017 2.233038772
19.16628995 3.440129123
19.23937763 3.212758759
19.245450659 2.71794075
19.251398533 2.423312898
19.50184124 4.27648023
19.508174733 2.780269807
19.515388715 4.189871308
20.03527814 3.007023561
20.154888907 4.62901907
20.165726423 4.038989496
20.846259039 4.218547823
20.870497177 4.443107729
20.95356399 5.027144235
20.955366081 5.830228397
20.982427255 4.6553058
20.991688143 5.16541984
21.025297785 5.5996327610000005
21.848775838 2.91713168
21.919192568 3.989322455
21.952079036 3.821833818
21.955579824 4.22608999
21.962141893000002 4.132421512
22.031993882 3.500973097
22.04195964 2.4088984570000003
22.060445197 1.926369111
22.073768745 4.544617606
22.084113251 2.3508981540000002
22.151481107 3.820916204
22.154851253 3.92452134
22.179158949 2.245530308
22.188368674 3.056298578
22.21978513 5.091447347
22.229319836 3.798524281
22.258622597 2.425211674
22.858427769 3.325400475
22.951140599 2.6167604200000003
23.461649867 3.427791599
23.466538895 5.43652263
23.473246195 2.537752318
23.477548338 3.243388667
23.482154006000002 4.750782039
23.490736632 4.8595858750000005
23.581032732 6.352503218
23.586816874 2.7514668970000002
23.593875167 4.562010051
23.602126608 4.169335547
23.606890987 2.270524287
23.612766686 4.781244628
23.883376544 3.4487625250000002
23.890372308 6.260965046
23.898100559 3.263055851
23.905264504 4.572703527
23.91472544 6.485750281
23.922846885 6.594167019
23.930997103 4.698674346
24.920377828 4.185212184
24.964457508 3.928715272
25.081635933 3.845426707
25.121237646 4.58641996
25.149453435 4.013477876
25.93755087 2.296833449
25.971468453 4.234204122
26.021501262 4.384443422
26.028361909 2.187296535
26.041003358 2.9011364520000003
26.152761062 3.413675314
26.155941868 4.619094428
26.166456995 3.126736733
26.185671376 1.8438666810000002
26.192706411 3.954525572
26.19764163 3.859263302
26.206061642 3.266630982
26.220407191 1.778476481
26.278198438 2.336953535
26.291920357 3.65291871
26.299514981 2.258097715
26.381362867 3.041203523
26.386696654 3.9480757200000003
26.391173367 3.151119615
26.396336856 2.855816199
26.415409849 4.5779360239999995
26.561206068 3.721926762
26.565075527 4.527261998
26.572054299 5.135449147
26.577036693 2.836207068
26.581409815 4.643771392
26.940812926 4.802847319
26.949101071 2.707424859
26.952988793 2.410826046
26.957010227 2.815467475
26.964381286 4.425502584
26.972206114 3.5318925119999998
27.169368501 2.226572711
27.174441254 1.730602675
27.207990123 1.964505592
27.337930512 2.595377903
27.724070854 2.681035774
27.730330415 2.386663444
29.067928377 4.425487576
30.000104391 4.055307107
30.097086771 2.248421609
30.128837244 3.181905585
30.135240608 2.98792599
30.161299734 2.713405006
30.166713165 4.422287181
30.168131343 2.018806849
30.171672177 3.825973502
30.214664076 3.568171564
30.220311384 2.271501545
30.223153465 2.6750725280000003
30.238889958 1.889161745
30.247729851 3.701477762
30.251973485 3.204848403
30.251993559 4.607711163
30.26200367 2.212921657
30.295464397 5.152224172
30.304459255 5.461814983
30.370501358 3.924525444
30.377896243 4.533243544
30.560818283 2.110831214
30.567387878 5.023306262
30.673313229 4.528110541
30.680079416 4.434646812
30.686708326 4.641625509
30.693133565 3.445572071
30.70191398 2.151791187
32.138972429 4.490653453
32.258642071 5.411885001
32.263251067 4.013759289
32.271007814 4.923339047
32.303375368 4.554883607
32.310473339 5.56386528
33.032736212 1.576731857
33.143100079 2.388360955
33.157036103 4.206012533
33.163239573 3.209986949
33.195492042 3.041950119
33.202143626 4.05063535
33.21520492 2.159886428
33.221410306 2.967682666
33.226228002 3.473319487
33.25198108 3.398947807
33.257722438 2.402883321
33.284028738 4.032234842
33.284280333 4.533658598
33.287459025 3.734863958
33.288103108 2.934288584
33.294424713 2.840375213
33.724248158 3.169968781
33.73035361 2.174118852
33.737900234 4.887028203
33.746900148 5.096498293
34.209900635 3.054354007
34.248905981 2.592403665
34.331060431 2.474009193
34.339390473 2.382008095
34.372510978 4.319053112
34.381572086 3.426503705
34.414527882 5.363260132
34.423888324 3.16823798
34.726092128 2.167517247
34.733414417 5.381438768
34.737823487 5.285499628
34.744870252 3.389134234
34.822977228 4.168500362
34.832192873 2.774614675
34.863248128 5.210490851
35.061400065 2.302556252
35.186267401 2.727847098
35.18996032 1.629853242
35.192594915 2.333597896
35.198790795 1.738801272
35.221812429 3.465003791
35.332153501 2.272841911
35.742152943 2.081850056
35.749000976 2.489394221
36.073815393 1.812320341
36.205552635 1.5434742080000001
36.213891669 1.651901433
36.259534362 4.00156258
36.264684958 4.106936634
36.305177555 3.345982766
36.31220584 2.251121338
36.336177965 1.97458199
36.344689055 2.383805489
36.381761483 3.022032519
36.816632837 4.458449123
36.822831065 3.663385245
36.828924242 4.170171059
36.834782162 2.673489104
38.2610286 4.40032625
38.372166276 3.910324792
38.83134234 5.070860659
39.136776658 2.471095894
39.253457649 3.088694333
39.259765134 1.99309215
39.26707273 2.701650497
39.274522081 2.508747529
39.306742929 3.943400048
39.315078892 4.252177362
39.334043942 2.46811259
39.339953191 2.273761011
39.345619372 3.581581599
39.379108735 3.314622496
39.383478327 4.521023085
39.387348351 1.9203400030000002
39.388905029 3.524704564
39.393507935 4.130287143
39.408765377 1.741456326
39.417158467 2.951900565
39.418125153 2.051289681
39.420181097 4.457521569
39.426070433 3.46175891
39.430145872 3.1651751470000002
39.851103057 5.088881436
39.859034149 2.291891476
39.86580845 4.201872494
39.872204599 4.709161936
39.931107164 4.36748231
39.937066097 2.770579193
39.946412324 3.581356085
39.952472307 4.488921198
40.035749632 3.0697203220000002
40.2480174 1.578825149
40.464480948 2.496681583
40.67722333 2.108196084
40.885636945 2.517062909
40.891008814 2.7227477589999998
41.249254914 2.179282321
41.362347687 1.591244927
41.446851049 1.775911355
41.660174724 2.6904332970000002
41.902552864 3.133106894
41.909704142 2.338921875
42.249234469 2.378013685
42.307813287 2.336401005
42.382496475 3.11219902
42.390365946 3.921639773
42.415933944 4.648505951
42.416007301 2.143962703
42.421574423 1.8489328980000002
42.421644805 2.049356714
42.422769942 2.952061818
42.471536076 4.603908554
42.480242332 1.7072246309999999
42.511150999 3.341003449
42.964383067 2.792494153
43.19731294 1.7228279290000001
43.314496698 4.444952588
43.376918837 2.303242171
43.401048558 1.726022862
43.405777612 2.131686775
43.440178077 2.065853871
43.449653432 3.377992812
43.482614081 2.308753603
43.491502723 5.223057613
43.492325261 2.518840409
43.510676533 3.038260887
43.52250926 4.152073367
43.531186526 5.463054778
43.799129609 2.925880303
43.806391567 3.133530405
43.994899749 2.420177576
44.001878477 2.226773519
44.239329748 1.662718897
44.310284091 1.9339678070000001
44.349536255 1.572478913
44.36997862 2.093894897
44.478226414 2.302335426
44.541049314 2.66571849
44.755713862 2.078848762
45.040421311 2.964757107
45.048697475 2.572208439
45.379188551 3.403612283
46.270496405 2.691951725
46.376838387 3.399202401
46.404156647 1.62345717
46.410199799 1.829933176
46.435592069 2.256122587
46.455808318 2.5768080060000003
46.46158224 3.283608981
46.465998491 3.187913212
46.506062863 3.62875803
46.516146696 3.037824764
46.527190974 2.447855231
46.560626242 2.8819590980000003
46.566775489 2.187001164
46.590156379 2.110111037
47.067498141 2.787906498
47.074282114 3.295456628
47.224016777 3.244852182
47.491463695 2.610538706
47.649424139 2.96895545
47.786806142 4.709027055
47.796377538 4.418223432
48.319661404 2.5372496780000002
48.414739162000004 2.832577008
48.457880428 3.476768197
48.540478875 2.6578830890000003
48.568562327 3.387018458
49.124546114 3.742681433
49.132955813 3.6509159589999998
50.728155403 5.44641534
50.867675325 5.786374277
51.479071493 5.796778446
52.486444974 5.802387869
52.488216898 5.70383808
52.606226202 3.918113764
52.611449118 1.919237232
52.617390306 2.526427447
52.619733228 5.234247122
52.622095418 2.631391228
52.62675223 3.337361205
52.635998732 5.450999677
52.644143452 6.460941074
52.648298997 3.5593281279999998
52.653571889 4.466445228
52.674651418 3.285092947
52.678362181 4.791571369
52.683513681 4.195886324
52.70201843 5.416773993
52.709345975 5.023045057
52.752395785 3.964037822
52.75628271 2.965992095
52.774256557 3.785478464
52.915201271 3.7260043620000003
52.925055299 6.341083511
52.952784541 2.461017884
52.956475286 3.466770314
52.960672671 4.673436682
52.966378932 2.6750352580000003
52.995852465 5.510045428
52.997723482 2.20536267
53.002865099 2.811716299
53.008087159 6.92505011
53.008983136 5.924143525
53.015302405 4.126717057
53.036527098 5.249946471
53.041896439 3.151442103
53.495469614 2.202255106
53.514295869 2.321250267
53.529434263 5.943370513
53.617548434 1.7231068999999999
53.635681533 2.041820436
53.635986270000004 2.543088676
53.669292632 3.979181699
53.673620009 7.69078698
53.703260384000004 5.616215284
53.709235769 3.117231751
53.735793079 6.75102616
53.739889613 5.152117414
53.762260654 1.7675468790000002
53.77042449 5.383028318
53.776465708 4.18653405
53.811148158 2.016991527
54.209188281 3.216380095
54.53965679 2.044058341
54.557172972000004 2.462197306
54.615746092 2.2203166850000002
54.644510757 2.048689369
54.672017513 1.775656138
54.738551877 2.443249945
54.741044017 1.744374662
54.758428194 1.962136823
54.807332645 3.313687688
54.951231143 2.756096347
54.981529727 8.097013905
54.990753569 8.707333138
54.997863714 8.514116053
55.004243296 8.620698735
55.011017301 4.118420848
55.018858081 4.627317374
55.025935188 3.632530442
55.034006597 7.047140545
55.041224962 3.34719025
55.902073676 3.205997624
56.664143478 1.964167453
56.672627929 2.674112528
56.707376668 2.107539849
56.836875407 3.139115507
56.840615946 3.242972586
56.872293733 2.974020991
57.016654071 2.817576386
57.027778372 1.927077007
57.684499221 2.383359882
57.6911905 4.39403769
57.698519302 1.696207447
57.779140327 1.977116158
57.93476763 2.333088296
58.082658901 1.980160444
58.697275003 1.8938637800000002
58.792345886 1.6885024610000001
58.806267049 1.9027275600000002
58.936685294 1.732766661
58.938214415 5.140237259
58.943656687 5.746670283
58.955218588 1.951569326
58.968105304 3.767170071
58.972340459 3.470867354
58.978741871 5.481242048
59.719913089 6.322617164
59.750622787 4.750159208
59.795754697 1.5899093579999999
59.81870817 2.414470696
59.871386285 3.56864739
59.876726216 4.976409077
59.941156071 2.035894248
59.968418448 2.163374631
60.117078291 2.111554281
60.319322009 3.616057134
60.324581419 2.719980906
60.32942287 6.030079052
60.33388544 4.932550699
60.348422024 6.249646218
60.355933201 4.153291678
60.364522137 4.462328037
60.372104166 5.872438886
60.380161146 2.675390738
60.386740817 3.883668058
60.497359047 3.894175341
60.503097035 7.40624438
60.510358283 4.808467685
60.51544417 3.011026607
60.522109149 4.119169738
60.527108971 6.127591449
60.534748642 5.734530795
60.74627858 2.640551939
60.753032734 3.448959184
62.79493579 4.28843787
62.81968981 3.6116531419999998
62.862277264 1.750597868
62.877682763 2.166865318
62.962450153 4.055270844
62.967261913 3.358363482
62.974036019 2.162992562
63.013108048 3.604590697
63.016901919 2.90714212
63.024625108 4.718607181
63.027007959 2.5166138140000003
63.047273233 4.440598089
63.057572951 2.8477235160000003
63.068706847 3.559954227
63.209080892 3.299741356
63.215268177 4.808980517
63.219998438 2.909937966
63.426767237 4.318964096
63.432578175 3.422998043
63.439413646 2.227498655
63.44469235 4.6376541410000005
63.450482313 4.142200577
63.783957213 4.074901667
63.791250665 2.87998252
63.798419999000004 5.091563067
63.80613206 2.794679521
63.865951106 2.253107008
64.001524489 2.288462503
64.793712207 2.980412009
64.87016256 1.654274451
65.059055821 2.444087078
65.207394688 3.293875531
65.216233924 3.803947673
65.247974186 4.637367255
65.257686347 6.250151493
65.294882874 4.884639664
65.301148266 5.491912878
65.807072246 2.791494709
65.81534444 2.499297964
65.862758066 2.747034712
66.062444794 2.4458280390000002
66.214407216 2.698002239
66.341148017 4.828635456
66.343593107 2.326395181
66.350739262 2.032982498
66.356098856 5.043961465
66.845606658 2.928523455
66.890527562 4.175328214
66.901250314 4.386514863
66.917398489 2.80005514
67.034030251 4.619382466
67.041877515 4.727419354
67.054327546 4.840122244
67.060764249 4.946782055
67.075791215 2.858215746
67.086318997 3.670122641
67.131221069 3.314255761
67.380419526 4.465008588
67.385857995 4.570577145
67.392671863 5.378913535
67.398997883 3.682235463
67.895115314 2.575117954
67.915272195 1.994292249
67.923553928 2.7038009880000002
67.941779527 1.820317787
68.060532272 1.838861519
68.069047327 3.250067309
68.076238397 1.754339019
68.090793693 2.670626122
68.098429968 3.479878767
68.21467278 3.295505078
68.217539968 3.198192821
68.229830461 3.511047734
68.285185323 2.664734491
68.289739849 3.170211404
68.291581502 2.270362644
68.29503735 3.776746343
68.296975587 2.57633528
68.964275886 2.441941095
69.01997828 1.596322454
69.110102177 2.487539102
69.137432696 2.114324297
69.153720101 2.330847104
69.309729338 2.38671181
69.924038335 5.506034253
69.930626328 3.508503842
69.938233315 4.117487416
69.946029144 2.7226176
69.947280142 1.722127547
69.967466661 2.443628274
70.051439565 4.53113205
70.133852251 2.509915456
70.179955174 2.255465098
70.188568503 2.464449494
70.941913293 3.117573863
70.943684966 1.817050851
70.968457212 2.142378491
70.976199416 2.65095025
70.987564097 1.961109307
71.139042687 3.815518571
71.145002294 2.6194872240000002
71.165064934 3.140425424
71.173092535 4.049861382
71.342128461 3.2171883230000002
71.349417625 2.723696733
71.353370628 4.630626874
71.953830902 2.326429318
71.977469036 2.750738219
72.011356617 2.48423223
72.035735379 1.707119298
72.051664512 2.624748158
72.101318788 2.373724501
72.144478811 2.316724761
72.148116675 2.019909188
72.166087955 3.23987032
72.213474542 3.487613348
72.326164946 2.097838907
72.332526256 3.907185529
72.440089459 3.113274608
74.055148535 3.626446178
74.056646338 4.128716491
74.26809607 4.240002702
75.053432564 1.619276039
75.144132599 2.210916505
75.167722681 2.935655959
75.173023092 2.840797335
75.201122022 2.368104631
75.211316758 4.28153858
75.236561448 2.503763153
75.241812023 3.109949069
75.244313224 2.210855513
75.247619435 4.41814938
75.281113707 4.151014751
75.286062474 2.052266999
75.292430327 3.962054461
75.414488329 2.781791534
75.421373934 2.287732707
75.677068078 2.343135908
75.682739515 5.153868159
76.075659573 4.645072696
76.085407266 5.456311294
76.32814227 4.697242823
76.335963737 5.105741374
77.074052783 1.6349616359999999
77.083186592 2.044788912
77.186404749 3.151080726
77.191285291 2.755073749
77.197531361 1.958779403
77.222596144 2.686225179
77.231850063 2.393837715
77.372275069 3.236701112
77.377560483 3.041499429
78.085789598 2.947171289
78.126120858 2.787229159
78.183447833 1.842720222
78.234807558 5.802420698
78.241601172 6.310090658
78.267988085 6.737185024
78.274018152 4.539344507
78.287008515 6.25534487
78.29442358 6.563394109
78.306877057 4.672336411
78.31374159800001 6.482530358
78.340642967 2.100145443
78.347612113 7.61844035
78.705284431 7.675301947
78.709676134 6.177154867
78.714700977 2.874881704
78.719460293 5.185155377
78.724419119 4.889501765
78.729182784 2.789196987
79.275823601 4.639269613
79.444277655 3.7047640680000002
79.451335686 5.516248798
79.5621903 5.326400199
80.148750308 4.108553745
80.157077756 5.218793566
80.177135805 4.537729293
80.268635831 3.727585199
80.328193325 3.887232439
80.487179136 4.9478644890000005
80.495518923 5.7576694
80.504202828 4.363861419
81.169214178 4.227373324
81.177964886 1.831243976
81.291688855 1.7444422880000001
81.314638991 4.272597126
81.319697422 2.273772414
81.325092517 4.082716649
81.330510551 1.68291005
81.335500629 4.193317476
81.340270314 2.093904355
81.352717974 1.9056747930000002
81.357428746 4.515749947
81.359296894 3.015038187
81.372913072 4.030424218
81.388734213 3.1446833
81.396207142 3.352417126
81.730531235 4.287710531
81.738301188 2.892776036
81.745911537 4.20293621
82.190840378 4.2472168
82.220066463 4.576860846
82.242971967 2.194680541
82.281061517 4.437653057
82.315687124 2.067027268
82.349280076 3.603987559
82.354725939 4.611421165
82.389761569 2.441613528
82.393815976 3.448084786
82.394749222 2.546718063
82.423230856 5.681797528
82.538417031 4.093951326
82.544863879 4.000107936
82.552249969 3.406026227
82.635897255 2.888114807
82.774846642 4.129759011
82.774926535 2.125405411
82.778687899 6.13741104
82.782641819 4.638682078
82.787518711 2.338473617
83.200565575 1.749652787
83.269218251 2.519542116
83.337458835 2.487587082
83.342068036 2.091513835
83.423990545 3.275514277
83.433101361 2.382871166
84.475181755 3.925916217
84.482017737 4.13314827
84.491424248 2.840097824
85.260036954 4.310013302
85.351366258 4.200933461
85.376702382 3.825609212
85.402926154 4.052239455
86.274098626 1.617250038
86.286073962 2.230057694
86.288303419 1.931835747
86.35732214 4.004658091
86.394343234 3.2401990720000002
86.424541998 3.37069669
86.431400435 3.577918674
86.441806373 1.985254462
86.450150109 2.293948786
86.454763629 2.198446593
86.458105329 4.606262727
86.459079804 4.507056297
86.483540272 2.627880729
86.48949405 3.736218644
86.491066592 3.837955244
86.714510844 3.760905357
86.719051701 3.364495815
86.722974529 3.168065995
86.86032001 3.606021214
86.869097679 3.113644737
86.876148989 5.124546173
86.88388202 4.63137334
87.259600767 1.700984858
87.294978641 2.037067475
87.34296668 1.984824031
87.395460626 1.937087568
87.452410777 2.394769145
87.477227973 2.319508472
87.623782946 2.866769295
87.631533685 5.0784991250000004
87.639657104 4.184923045
87.646365751 3.690521555
87.656262913 5.604094585
88.438965573 4.783737931
88.445417272 5.992574391
88.450799697 6.298469636
88.455803312 2.796949967
88.562259285 4.005521838
88.601513819 3.6441811
88.60818978 3.75108585
89.288068028 1.925772784
89.48502192 3.224835024
89.493951835 2.632628219
90.38447605 4.224575072
90.443113377 4.483663856
90.483676107 4.023082087
90.531790911 3.269683252
90.534473492 3.47271424
90.736565424 3.1739575540000002
90.73960611 4.980620115
90.802589489 4.041554731
90.808955307 3.847411951
91.334542633 4.773805917
91.379250339 3.916777364
91.389941404 2.825642427
91.461716088 1.8960145160000001
91.480196348 3.616924806
91.485545233 2.7209212000000003
91.496930428 2.031372233
91.501622255 3.037448677
91.503273291 3.239371362
91.536389886 3.773321777
91.536813192 5.677597466
91.54055691 2.575611583
91.543791476 2.378656383
91.544423221 3.380635783
91.56035034 3.496761673
91.563823708 3.199813631
91.572022959 5.211622007
91.57420342099999 5.514526592
91.583452452 2.718715393
91.646995523 4.485096512
91.655059467 4.994191901
91.660609658 3.997723591
91.819070617 2.5538081679999998
91.827582557 2.161731893
91.829660274 2.76460945
91.835123974 3.8717549890000003
92.341448341 1.974361182
92.386436342 1.7187075790000002
92.484372713 1.7164081900000001
92.502018647 2.435521104
92.538202751 1.970751307
92.543525629 2.276626302
92.54701379 2.580706273
92.55946571 1.6912856170000001
92.616450655 2.449779175
92.635901968 2.168660622
92.685355199 3.319894612
92.693337136 4.028852713
92.700104328 2.934032719
94.410104615 2.139321018
94.475764079 2.405240361
94.479438673 2.509073239
94.573804945 2.9042573640000002
94.592904034 2.722775093
94.632296084 4.76612613
94.638507636 3.570020364
94.645638623 3.67724355
94.648465134 3.079042691
94.652872309 2.4822531850000003
94.65441358 3.18513714
94.759802727 3.490866166
94.764958789 2.995133172
94.809021677 2.235335525
94.818508692 2.144684476
95.568400841 1.892411278
95.610997373 2.636510782
95.668395449 1.792117002
95.776513097 2.601638077
95.821023389 4.451865209
95.826280733 3.05222244
95.826654446 2.952462005
95.833040623 3.359470082
95.834205932 2.258368407
95.840138024 2.765474153
96.080657299 3.707216589
96.088726597 4.919997941
96.425073312 2.6490123690000003
96.485661401 3.21045545
96.590429054 3.214998144
97.446755081 1.466442957
97.481130519 2.802963938
97.545987635 3.068279043
97.614270119 3.036340366
97.652898791 3.275413347
97.656405833 2.677539849
97.65905261 2.479728759
97.699433804 2.019504685
97.70523873 1.825074522
97.71605822 4.240384602
97.825419661 3.047035176
97.831899531 2.752814053
97.960801515 2.180779034
98.248590297 4.171890659
98.253536843 3.37499449
98.457091831 2.977391107
98.518991057 1.93762073
98.677407539 4.400204647
98.683242098 4.706789723
98.689618208 3.410218068
98.716820476 3.137002949
98.888744196 4.711781481
98.897469166 2.616666474
98.927697455 3.548101543
99.211234357 2.830213982
99.217459459 2.235343896
99.526988094 2.845389319
99.53406756 2.752258971
99.669028029 3.588570991
99.674750892 3.19350304
100.608572381 4.42799591
100.691086025 3.8091767670000003
101.646767051 3.262145702
101.710541535 2.424057644
101.765071623 3.079782592
101.81224155 1.824536214
101.817103571 4.634372191
101.82382308 2.136663012
101.856213263 2.269188283
101.878909482 2.792931916
101.884089827 2.998511434
101.908496494 4.425326994
101.942639907 4.259131405
101.952458852 3.367356955
101.983284863 3.498436304
101.993039143 2.105519898
102.516247617 3.530530775
102.557316585 4.473106479
102.689544654 3.202674309
102.695702551 2.9083891900000003
102.722270482 4.938647425
102.723072213 3.536868283
102.728221671 5.144889823
102.729145958 2.641128994
102.729830313 4.845966229
102.736430292 4.552091911
102.738005777 4.45354246
102.743908358 5.461057717
102.752411703 2.063366409
102.820316721 1.730503606
102.820956725 2.332377394
102.845825779 4.8617605170000004
102.988429403 2.700231925
103.189049864 6.106651199
103.194556312 3.80788853
103.200479546 4.415032199
103.292767207 2.303163723
103.299775399 5.916803371
104.596785063 4.208391633
104.766648842 4.578578135
104.769325695 4.180526073
104.77611459 3.886730861
105.841291787 4.450955359
106.019874789 2.926445081
106.030382901 3.738356503
106.059709149 3.967990084
106.253314576 4.06144006
106.258896448 4.367545345
106.265210022 4.975057993
106.359754628 2.665323634
106.366059522 4.374466083
106.55236082 5.763214233
106.679038839 4.086443558
106.724708706 3.831595897
106.732325838 3.7390499520000002
106.76026144 2.664900317
106.761979282 4.970769551
106.766477717 3.272353519
106.766879872 3.5733086050000002
106.774606379 3.180337127
106.781257247 4.288859575
107.074985256 3.079879929
107.083557725 5.492782861
107.090624247 3.195767739
107.731516451 5.339343686
107.799269186 6.609346653
107.891791239 4.598130746
107.899614244 6.409056546
107.927211137 6.236175157
107.931307999 5.238498467
107.971199568 4.577362921
107.975458575 5.182520809
108.000134238 4.2054960470000005
108.898451241 2.098444234
109.078028164 3.680230915
109.088094 3.990779003
109.601074668 2.901232044
109.718087409 3.118415515
109.777495046 4.179269752
109.78310257 3.684194944
109.854608919 3.355054861
109.910238067 5.113411183
109.96864765 2.166726037
110.027463679 4.829985622
110.030868514 3.831824868
110.03933964 3.139090349
110.057736025 3.758572141
110.063925142 5.46748686
110.083702633 4.786030837
110.090312194 5.794595483
110.112143689 4.313594795
110.124057343 4.225391147
110.131089279 5.634892781
110.137857088 3.037244423
110.15101016 5.755038587
110.16167535700001 5.465099802
110.1652352 1.9626356230000002
110.192749536 2.190615221
110.610666658 3.309635161
110.796640494 3.094860234
110.796760442 2.694400149
110.868211935 3.467065921
110.887502067 4.488179594
110.893252325 4.894453352
110.898964461 6.001992987
110.904821929 5.907631362
110.907433504 3.70657619
111.040614952 3.539274745
111.051051112 3.449501699
111.285760528 4.285364528
111.292049237 7.096497776
111.297493226 3.395463165
111.410368065 5.912378825
111.418992089 5.720584144
111.447788587 2.644193058
111.753230001 3.149942395
111.887175652 3.1836573120000002
111.894045956 2.890023195
112.080694138 3.677672533
112.087152688 2.982858528
112.32317763 2.617792678
112.767451765 2.9618283080000003
113.097347502 3.692568487
113.103076079 3.197335961
113.907731371 4.302519431
114.030926031 3.9247376540000003
114.072179104 5.769462221
114.074762287 4.56978079
114.20546509 5.001016771
114.211771979 4.20580167
114.237134474 5.333337558
114.721031196 3.112060113
114.802894174 4.09559327
114.912419591 3.203114462
114.919012488 5.6143974750000005
114.92004626 4.513219702
114.944196493 2.83414701
114.955133294 4.047554738
115.050048859 2.839804967
115.05853404 3.750140788
115.090096532 3.982175399
115.11700189 3.908845283
115.135901375 4.528706185
115.140439239 4.132648473
115.167656293 4.861067652
115.403908944 4.896892434
115.41019427 3.901457355
115.521931975 3.111193423
115.528318072 3.718774878
115.556878822 4.749489714
115.701353688 2.6895494859999998
115.884884097 3.073391553
115.922154612 5.715756439
115.952386044 3.241133181
115.963940973 3.052373066
116.012741145 2.8004604950000003
116.105708842 4.196003745
116.117223977 3.506115262
116.148574651 4.74000385
116.158719141 4.148876568
116.190212815 7.687108767
116.192421277 3.8819495870000003
116.200439552 3.689551356
116.235525961 3.123388272
116.392537056 2.278489607
116.397746469 2.383917514
116.845890355 2.932307459
116.983580417 2.76930245
116.986984774 3.674539825
116.995045193 3.281926577
117.025088534 3.512339255
117.176625011 3.7641089670000003
117.183644779 3.570745821
117.204863961 2.890394518
117.236401308 3.4230757990000003
117.725726931 2.910194151
117.952224555 3.537520466
118.008298248 3.092597834
118.130548276 3.615586562
118.139121939 2.922934518
118.649368197 2.631611069
118.838693863 3.422098837
118.849459362 3.232461329
118.958210397 3.140689737
118.990204192 3.072548286
119.00968636 3.292388506
119.054528363 4.339300822
119.310661853 2.9924683940000003
119.315682788 4.700547614
119.595608706 4.579695095
119.603813997 3.485936659
119.609181228 4.493164791
119.613925706 4.097169086
119.619556362 4.303138989
120.796614733 4.578563259
120.970123748 3.249157195
121.071589648 2.648885956
121.152011636 3.932169409
121.253960591 3.332472071
121.26056142 3.038357107
121.288609622 2.966151548
121.456884572 4.737882442
121.484058464 3.66287631
121.489994113 3.869282192
121.494267438 5.07588602
121.502335436 4.683192884
121.507791653 4.888950239
121.640217324 4.520600578
121.828419888 4.408109987
121.838840949 4.518731294
121.871062308 4.951705224
121.99192186 2.567427273
122.072913552 2.748554916
122.254989135 3.7322037210000003
122.543757734 3.319594907
122.637163051 3.81373519
122.819965936 3.8963018810000003
122.829026015 4.206049434
123.034253799 3.910214065
123.073621982 6.054142811
123.079911551 5.559477857
123.088541552 4.064648973
123.273098454 5.251381901
123.581840318 7.063216247
123.586061081 5.464142661
123.597685025 4.8744974150000004
124.376923016 4.351425893
124.381081878 4.856413677
124.691241575 3.563698532
124.884701432 4.258008119
125.093912789 5.168615104
125.517324542 5.291500444
125.525323779 4.197537186
125.533703996 5.107320705
125.54007385 4.512751404
125.605391546 4.778374004
125.609982254 3.781328656
125.685074271 4.156941725
125.70728498 4.479611101
125.713672952 5.387594362
125.878779649 3.449095081
125.91833606 4.991226777
126.061935859 4.032825689
126.123981495 3.794542797
126.242827909 5.515968348
126.251935692 4.623683039
126.274990335 6.650153962
126.281641492 5.755120511
126.285125974 6.459980533
126.292882995 4.864983124
126.371721706 4.442844726
126.523640355 4.795143938
126.529264273 4.400046266
126.536344586 4.006539087
126.985176333 4.054724581
127.09192027 3.560302558
127.277786804 4.547573881
127.415355794 3.482956804
127.421115361 3.78923059
127.425011013 3.692992747
127.434690364 4.6043236929999996
127.441260324 3.208224882
127.617870706 3.184468178
127.62230716 4.992252361
127.721485168 3.388253443
128.190621757 4.959623513
128.368047128 4.936621655
128.373225926 4.240436153
128.378554654 3.845023991
128.411073784 3.376667835
128.663190966 3.528589475
128.668438376 3.834470053
128.794036594 4.160334729
128.945350335 3.7105529500000003
128.987576456 5.656415186
128.99662447 5.865774629
129.028480979 4.995885602
129.034693649 5.202422779
129.121478434 4.187270959
129.177004874 4.443120182
129.21551759 3.780331551
129.311430959 6.280794973
129.315907778 3.780557506
129.534141533 9.408468752
129.538447567 7.309140012
129.543843379 4.208883706
129.548768962 9.82378171
131.234606239 4.797778683
131.315108922 5.579421342
131.350524478 3.009725166
131.426697152 3.386530176
131.434667025 4.09589397
131.460336589 2.919256275
131.498168093 3.35777726
131.505386245 5.469317992
131.532869889 3.091848813
131.538276502 5.7024626220000005
131.547201971 3.306585623
131.580290365 2.939080842
131.591150612 3.951854069
131.591247503 4.953996904
131.606210404 3.666256454
131.821589969 4.382587584
131.827535092 5.8916048750000005
132.11588823 5.3784033220000005
132.122820403 4.58368587
132.793478716 3.951783129
132.800232434 5.66177757
132.80543344 6.468834261
132.813400102 4.973795495
132.821310365 6.685125616
132.828176548 5.789887536
133.089815008 3.847329209
133.2789223 3.836027398
133.284915637 7.649363837
133.309484446 6.070847966
133.316658989 6.779588086
133.334793757 4.593369542
133.342438897 6.504561403
133.347992195 4.205624993
133.363855032 3.82079045
133.734139008 4.090919433
133.77461327 4.431910252
133.780148794 4.738013241
134.067029491 3.522206375
134.26115132 3.215358095
134.267757524 3.422330953
134.270521426 3.024292916
134.472756209 4.629199938
134.478022439 4.333829073
134.775059937 3.428732159
134.785341531 4.040115697
134.792009904 4.848205065
134.800479974 3.354010008
134.941389296 5.999470747
135.125587285 3.979513472
135.131087933 4.786560277
135.136095862 4.491026237
135.138827517 8.200719312
135.148558274 4.202943867
135.179791285 7.440324829
135.188871524 4.744256165
135.221474671 8.9850442
135.230216922 5.186190282
135.26131419 5.016921392
135.35901056 3.712220897
135.550361384 5.806931159
135.773032156 3.525229588
135.934266234 4.18732579
136.289753966 4.442680832
136.373049925 4.025123479
136.45895915 4.912328155
136.545843078 3.897420124
136.561814885 4.113727337
136.644536873 4.697280496
136.805375508 4.257132689
136.812158041 4.66451101
136.818451963 4.770994597
136.996013378 4.247433584
137.075090961 3.926011332
137.200018238 4.251151483
137.266717492 3.51663405
137.33412695 2.782318815
137.409623522 4.560969647
137.48548859 3.434790528
137.601138979 3.450269552
137.632080319 4.382816622
137.672970326 4.123260403
137.679670895 3.228085092
137.684631451 4.23506115
137.684870608 4.335424603
137.690908027 3.339469739
137.815701612 3.564683441
138.033280461 4.183002416
138.237195576 4.58731738
138.434242702 3.581881956
138.638572377 3.085111026
138.944965041 4.9944853380000005
138.950915256 4.2989457380000005
138.958257996 4.206104407
138.965509667 5.916502105
138.980037867 3.82729023
139.186536219 3.733243078
139.839451573 4.887018362
140.065163188 4.712001503
140.07206229 4.418480169
140.449479799 3.593253415
140.45829332 4.403951274
140.630188202 3.373168872
140.636349099 3.17894358
140.642076486 4.286961583
140.66394111 4.509290623
140.674107127 3.918098471
140.676671463 4.121044196
140.696037366 3.53916375
140.866420863 4.912314686
140.872950394 4.618065501
140.874853291 3.317293825
140.881099642 3.824381771
141.154784039 4.699414049
141.204865625 4.549081656
141.401252596 5.647431475
141.40730254 3.649438686
141.436685698 5.582724617
141.44436384 4.087106683
141.455827192 6.202769078
141.472340585 3.413783053
141.657370944 2.8973369140000003
141.780648435 6.727982441
141.784387466 4.827910131
141.977586885 3.518160452
142.159027187 4.000243428
142.358209987 3.798577683
142.473174838 4.5148369
142.493086303 4.133890137
143.068195642 5.410491943
143.273371105 5.014371203
143.287209389 4.6273623950000005
143.727772959 5.869666004
145.564312272 4.500390853
145.620903282 5.358388162
145.763436871 4.599323276
145.771295001 3.605403662
145.837390756 4.472951472
145.841365217 6.480118212
145.848514226 4.884725153
145.886250009 6.024249467
145.962053505 6.500597514
145.968047261 6.90742991
146.541917204 4.676593529
146.557205778 6.194434885
146.748528633 6.085295548
146.787425527 4.4211490300000005
146.792470991 5.928937802
146.798905291 6.836734401
146.941546447 4.675495973
146.949978219 6.186604841
146.983635081 4.917972953
147.079171093 4.412464034
147.084010899 7.522414266
147.088078723 5.423041984
147.09152859 8.231172664
147.096548773 4.229522336
147.590323855 3.7215600540000002
147.626333959 4.158069666
147.824578436 4.456583481
148.27262642 6.307137565
148.395718058 6.93108797
148.40089991 5.834290366
148.406814288 9.14570597
148.411726988 8.74998964
148.416703046 8.654844951
148.476086099 4.807512698
148.483063948 6.717886801
148.510341461 5.342726343
148.515921039 7.952837849
148.544140417 6.077735789
148.54964979 5.782709416
148.57871933 4.810038031
148.583643184 8.120720969
148.668382579 5.099978455
148.803187719 5.735771828
149.147572881 6.180398097
149.273906443 4.803913787
149.279310939 4.609020683
149.284645143 3.512367515
149.290039499 3.718067864
149.361597904 4.090185291
149.368162736 4.297123378
149.500902065 5.131116655
149.506411491 3.83427919
149.598113526 5.428704112
149.638045789 4.867543643
149.789415724 5.720217914
149.795552981 5.225353793
149.823020944 4.9523476120000005
149.830909302 5.561317123
149.838191554 4.667002003
150.016806207 10.855825952
150.023319439 8.458551363
150.030288723 4.05763809
150.038190588 8.773945368
150.045043878 9.882711248
150.052881972 11.092407406
150.05867924 9.996435159
150.065026849 6.797242358
150.073339912 4.200879965
150.080187057 4.708642456
150.086859621 6.117883132
150.153431548 5.182537389
152.360176757 5.485932986
152.451974911 5.076809935
152.566674686 4.189941111
152.679157017 4.502724603
152.728657327 4.852794391
152.818407798 4.24139043
152.824390706 5.549404513
152.869257898 6.796393045
152.876030157 5.200474637
152.932663193 6.659471607
152.935578696 6.562043822
152.941828397 5.166067545
153.023480958 6.349485712
153.028573824 6.454674137
153.050644968 4.774105719
153.117524805 6.043004162
153.122720024 5.54726598
153.131315435 6.958302207
153.144312569 4.166650843
153.612005395 6.637603211
153.698724855 3.218336937
153.816200857 5.739984849
153.820750338 6.646007774
153.827598781 5.050296613
153.859100109 8.387355507
153.866287434 5.189109137
153.890338785 5.914274205
154.282607489 3.501747553
154.628020675 5.44987173
154.631817705 5.153168645
154.701102728 4.120553355
154.935563904 4.655579365
155.010663895 5.231523193
155.019063216 4.939448943
155.396811767 5.417330167
155.412775022 6.334963968
155.420358761 5.541023975
155.426091562 5.847255186
155.501049625 4.820275148
155.732880601 4.551315024
155.869882339 6.491326162
155.875311906 5.495181902
156.331131658 4.348014612
156.402703081 4.9204304830000005
156.410249376 4.02620869
156.41825884 4.234715008
156.425941284 5.444747692
156.433507923 4.350206659
156.440573282 5.559558223
156.483874096 4.801218358
156.551637976 5.169556969
156.692764313 4.408966943
156.699382897 4.816448558
156.726319859 3.640946095
156.845974636 4.06118165
156.941701804 7.663360111
156.953526323 8.076094349
156.960835605 8.483976957
156.969881522 5.8885385
156.974100777 9.498806636
156.981186494 6.801423044
156.986703285 10.512944676
156.99247226 7.313471948
157.000704689 10.226614678
157.005285653 4.3206731640000005
157.441024751 3.6543700340000003
157.573133312 3.485981618
157.649622126 4.163597091
157.777657156 4.191472211
157.796419309 4.911491544
157.871142751 3.984312085
157.88002997 4.193596158
157.998346177 6.415870496
158.004622687 5.52041132
158.009237495 5.024081273
158.064425279 4.778677288
158.153893289 6.371076214
158.360545147 7.078745434
158.379758373 4.99382712
158.384706628 4.397684881
158.695667562 6.111235016
158.700442743 5.514868684
159.412115469 4.122562914
159.466516598 3.475986096
159.471266134 4.482298928
159.649052818 3.558332819
159.81569138 5.327709969
159.836827094 5.248606173
159.869386695 4.279375058
159.87871484 5.190366867
159.895322384 4.405463581
159.89908867 4.709815811
159.903677991 5.7162989490000005
160.045455683 5.156719043
160.050881052 5.663087048
160.104148971 5.315555066
160.387411489 4.497087828
160.424157954 4.633899534
160.431717681 4.741557514
161.398525065 4.606540163
161.462299921 3.4680534830000003
161.501709965 6.111939758
161.677656195 3.783581986
161.714909809 3.520416762
161.721343046 4.4284288
161.748219311 6.659189864
161.757067088 4.764690856
161.788147802 7.500595474
161.850079216 3.75571016
161.898796307 5.207012906
161.908563481 5.4170773610000005
161.938039256 5.74721591
162.139228303 4.345397358
162.325125804 6.034050899
162.441149832 5.548955068
162.449047933 5.857390952
162.581492968 4.98803735
162.590847143 5.197696438
162.618660652 5.526095604
163.954399084 7.563154901
164.381896813 5.7866706830000005
164.410624429 6.71702304
164.41468614 6.921383465
164.419210951 7.226456117
164.469725742 4.472150352
164.640053143 6.145084502
164.648488044 6.253648206
164.817089885 5.520650256
164.819552123 4.922098528
164.823502991 6.128000126
164.937742335 6.041970851
164.987016963 6.692422023
165.151104859 5.754498966
165.160422174 4.962518686
165.4178728 5.320143094
165.422758197 6.326654962
165.428813146 5.731669041
165.51924417 6.3229862180000005
165.525009208 6.028182181
166.508724482 4.107162963
166.516313951 3.613780056
166.616868581 6.118368215
166.718177165 4.015978962
166.840910521 7.243874757
166.846706301 7.049373737
166.941223371 5.240762516
166.950737892 4.749615248
166.981421083 8.185784463
167.113256498 4.110570374
167.118764207 8.122824526
167.12431472 3.921308162
167.518892528 6.619630653
167.524277375 4.9223036360000005
167.567026089 6.567669424
167.956449499 6.856845311
168.037932215 6.738089078
168.046629417 6.646647842
168.050665227 6.4503616820000005
168.056664718 5.755281264
168.061309165 6.561186773
168.172529849 7.373420052
168.181354912 7.58262096
168.213295696 7.514305264
168.223123272 6.122144484
168.25454167 6.453928673
168.531118793 3.825455377
168.544008541 6.543164645
168.548773873 7.349106001
168.553968166 6.05226506
168.557314855 8.259161213
168.563675433 8.165299027
168.570153507 6.669437184
168.93629032 4.330877795
168.940683655 4.635973045
168.945311911 5.541951588
168.9812386 6.17890341
168.987973283 5.885140155
168.996883264 5.19288339
169.034372957 4.629481312
169.215195204 5.9119520350000005
169.557838774 4.451324776
169.703593001 6.099969801
169.777907748 4.470927939
169.787762744 4.781472344
169.790367689 5.786110502
169.931667772 5.025687099
169.937664159 5.432476622
169.952095291 5.146348631
169.961345346 6.057244494
169.990931234 6.487424471
170.008064165 4.801329505
170.045012749 5.840445187
170.827418437 7.123548128
171.053497527 6.949083953
171.583814172 4.97437775
171.588769062 4.378152618
171.658988552 5.850911303
171.720920492 5.812622287
171.736713005 6.028861843
171.819066372 4.107417285
171.820459918 4.509631496
171.875388504 4.865102675
171.881866143 5.572930797
171.90569384 5.396432465
171.965901526 5.75711104
171.977586582 6.3699663090000005
172.047511946 4.436069959
172.05703315 4.94654712
172.087662736 4.275938507
172.097075464 6.589693277
172.12689669 3.914348682
172.13688044 5.226664114
172.167199004 4.255257603
172.172427375 6.063798923
172.859806994 6.851275692
172.866688204 6.457562698
172.874390099 4.862215222
173.808019304 4.392708574
173.907122729 4.592265233
174.140329564 5.226314325
174.175560442 8.768399069
174.236335388 6.825322998
174.286331996 5.27199045
174.292101672 5.5784673300000005
174.298337475 5.484522838
174.39612977 5.7826245830000005
174.406201835 7.6964569019999995
174.435362723 6.924116596
174.445117903 6.332787163
174.448536094 6.135789243
174.455086377 7.645104386
174.479912466 6.066840288
174.770119475 5.655572903
174.880093991 5.665395313
174.987801704 6.474555181
176.1354175 5.417527177
176.445182514 5.226393906
176.639791549 5.32086019
176.644274305 6.527864697
176.866903737 6.550109002
176.951799612 6.43452594
177.185124863 6.367011103
177.191119786 6.974516739
177.197722154 7.381963022
177.218782951 6.200276214
177.24864213 5.829507912
177.469779258 7.052726289
177.47804642 6.559744649
177.509509449 7.8940877
177.837456517 6.718824007
177.937983585 8.222322375
178.169563011 8.153480882
178.179164543 8.263329423
178.332016544 7.714439238
178.336843804 8.821587925
178.951247004 5.124380581
178.954900267 7.335453801
179.186345364 5.960305587
179.190195466 6.064377417
179.193181861 6.571855789
179.199382006 6.678171305
179.219077227 6.393923798
179.28842602 7.468574034
179.295440114 4.767080128
179.300191002 4.872159812
179.709718696 5.782671401
179.715070668 5.387354719
179.719022409 6.693410952
179.873399912 5.846090972
179.879347541 6.953959266
179.987476643 5.860044979
180.006800906 8.487493899
180.015214923 7.594246693
180.027578769 6.401001849
180.185731301 7.464279382
180.339734113 8.419652384
180.345063271 7.018940946
180.346698814 8.126083029
180.412430411 8.692736318
180.421349204 8.100500584
180.453215297 6.225636496
180.559726562 8.439389342
180.565076588 7.138811264
180.591264048 8.571039042
180.596803776 7.070374141
180.621696735 6.894995519
181.323820688 4.1906482
181.580907549 6.65196047
181.586926405 6.056764482
181.790310586 5.057990796
181.795614787 6.165229296
182.000803411 6.570889342
182.039444594 4.405438446
182.077489993 7.448999332
182.082809878 7.254009858
182.202338342 6.271414764
182.236475178 5.8047524280000005
182.240121864 7.010684115
182.241822873 6.110608978
182.246885794 7.117578044
182.275188881 7.546542397
182.290338268 5.457788915
182.296832841 6.466125301
182.325233806 5.09191327
182.331339538 4.9978477340000005
182.360983387 5.428264997
182.369093105 4.835207275
182.374358388 5.341352007
182.380600877 5.748479778
182.395719454 7.066029976
182.42890231 7.399783607
182.43920643 6.408130163
182.470782581 5.938893402
182.47975421 5.046092652
182.511113472 6.179619635
182.517941268 6.78739809
182.532753837 6.301375739
185.781482844 5.242687388
186.002189051 6.16429402
186.085360081 6.34764355
186.176808432 4.636233332
186.183308603 5.844758948
186.229192644 7.693615887
186.235476591 5.59647167
186.260982312 6.322919177
186.268466973 6.030076293
186.281380001 7.044332535
186.299787932 6.762292392
186.332862621 4.892447876
186.341002451 8.60688768
186.37199607 8.237107243
186.376470766 7.039299699
186.383730395 5.344150432
186.388022735 7.55193458
186.512616247 5.673263644
186.522469527 7.786584238
186.527868929 6.89022597
186.535648179 4.794798235
186.542865668 6.504661851
186.5522041 8.317206946
186.560101719 5.320045929
186.845043743 6.406351234
186.850865596 7.814364494
186.856779042 8.922369929
186.863485193 5.523266148
186.872077221 8.536989449
186.878435722 8.843743265
188.05034127 4.506046536
188.091391859 6.450664359
188.320907323 8.883524557
188.328406589 9.191575409
188.340425119 5.497675125
188.357316069 10.523095857
188.363676595 5.72121791
188.389938041 8.251639947
188.397163825 9.460891231
188.425343685 6.484125005
188.43217724 4.787719804
188.459560826 9.823799971
188.467092548 4.622297148
188.576959291 5.333221527
188.584110947 7.844968863
188.590121271 4.237880207
188.623293158 4.170958216
188.632700596 10.197396038
188.656742917 7.717314136
188.662153703 3.9094910130000002
188.670638664 7.530845361
188.838413899 6.496573358
188.845520032 5.401456658
188.853745234 6.812338399
189.088390183 4.836278992
189.31376428 6.270466693
189.334809485 7.093103225
189.34160241 7.199992683
189.502408084 7.060313348
189.506637541 5.354620961
189.547126405 4.894553779
189.797038041 5.244596013
190.211237469 6.166143466
190.46205695 7.519062771
190.472283863 7.128301077
190.582585809 7.839979861
191.079814888 5.626042862
191.105237534 5.751613495
191.190676222 4.634715378
191.317061884 6.16376445
191.319935757 5.46533017
191.346130444 4.589720125
191.353420567 5.79943402
191.494374323 8.350836951
191.501815747 9.660749612
191.507299962 8.965053595
191.515933195 7.570987404
191.522819888 7.778106831
191.528875445 5.173405605
192.209237813 6.154323967
192.213714068 5.557545627
192.366432718 7.513590607
192.840555162 6.6853081670000005
192.847752474 7.19345797
193.078554895 6.221943954
193.400558876 7.445786458
193.404661263 8.451677632
193.443105009 8.390078467
193.684069807 7.929593962
193.693549251 7.237857758
193.881471875 7.626072006
193.888120414 8.634583635
193.962513858 5.803211941
194.071018464 5.611138471
194.148230654 5.48794126
194.38688861 7.129416217
194.451956611 7.294691451
194.548019134 6.488977373
194.552552362 6.694012625
194.558033644 6.5992225520000005
194.698482384 5.937908231
194.706240862 6.446667178
194.783680615 5.922905167
194.81743221 6.457712308
194.942129406 7.584521498
195.214742874 7.756892573
195.287181052 7.6289420660000005
195.454726412 7.896714439
195.461053726 8.404047578
195.489032063 6.928967817
195.764207574 8.005816364
195.771953473 8.815128777
195.778859902 6.818010118
197.181210756 5.114750225
197.227322714 7.464711171
197.269726123 6.80588957
197.38090638 8.219495452
197.411606459 4.944510371
197.414957239 4.446680019
197.421753109 5.655708816
197.455683797 7.2924331
197.471003479 5.805167452
197.479546611 6.314474819
197.512815891 4.945453504
197.518799306 8.457706245
197.531852148 7.168211297
197.538264956 6.573579817
197.546104728 5.980431617
197.546290069 8.284743914
197.554442474 4.886945817
197.554647229 6.990633878
197.560886391 6.6963687830000005
197.566005254 5.199153293
197.719537039 8.257534032
197.724099513 8.162008416
197.83939001 5.071513413
197.924361166 5.958018541
198.007219068 6.942339554
198.015728172 6.65029581
198.090830763 8.729032676
198.097408057 7.833925279
198.106044537 6.640518135
198.116375182 8.253678738
198.121728458 8.158954567
198.128961335 5.862227499
198.389710866 5.321167591
198.397161221 7.732961623
198.402435599 8.339398805
198.408075115 5.539992
198.54122723 8.878818721
198.787401048 8.023016145
198.794067365 6.627454882
198.983303874 7.718008534
198.989162592 7.122963596
199.619522918 5.048026878
199.869249057 5.598368153
199.874764097 4.802314967
200.365466539 6.29492575
200.374053953 5.401822421
200.524560324 7.155424375
200.529424105 6.959790708
200.568035317 5.896372652
200.597484456 6.727368299
200.650701268 5.778637806
200.659254279 7.390260164
200.686299722 6.716026008
200.845052027 7.075084865
201.211529146 7.040807927
201.309000354 7.639206221
201.710196079 8.541407755
201.716692665 7.245401023
201.723588797 8.254295708
201.72920344 6.957393893
202.532856133 8.161822196
203.368837403 6.593550073
203.419325275 6.744115995
203.428784455 5.651787009
203.479820351 8.006717483
203.535927289 6.359988111
203.614774565 7.540703132
203.622695104 6.346682405
203.624593576 5.64729204
203.674201538 7.499914981
203.67890384 8.105671858000001
203.699207591 7.124303978
203.707199162 5.629715744
203.712028596 8.439250018
203.774417364 8.101035625
203.811706725 6.435552079
203.817409924 5.940252785
203.823426529 7.448713843
204.02437374 8.050513816
204.030596447 8.156878723
204.03800035 6.561552538
204.055493048 6.979808071
204.061200979 6.384459728
204.264453104 7.38905634
204.271242796 6.093557301
204.279070206 9.106408634
204.286041269 7.811225483
204.717227495 8.943694617
204.72468049 9.351701616
204.731712883 8.457200309
205.172622506 8.197033014
205.178288821 7.601699914
206.447492818 7.468235001
206.456644574 7.377156709
206.477182767 7.096954517
206.590248903 8.312413356
206.703266341 7.523521556
206.705412599 7.826345397
206.728008318 8.049262136
206.750721643 6.468791705
206.757657303 6.976783108
206.765448984 5.5820059539999995
206.787867924 6.606121269
207.027936509 6.345358142
207.03589586 7.75590227
207.094062727 6.711996909
207.228711986 6.445942928
207.234717214 6.351790711
207.242076854 8.864004171
207.249255028 8.670741898
207.257112122 6.274034915
207.313866473 7.833431695
207.318633255 7.437450007
207.323752983 6.240530064
207.32778734 7.647033616
207.33301648 7.25136398
207.338135669 8.859845668
207.343552493 6.761146058
207.347783169 7.767105976
207.701089601 7.218819606
207.705705149 8.926868869
207.870816112 7.889272331
209.497045386 7.311703821
209.542065711 8.05800264
209.708206012 6.120313565
209.752113827 7.867316349
209.758395638 7.673199219
209.783692314 8.399787018
209.787775574 6.500447584
209.78843917 6.100439313
209.804758152 4.914556665
209.809853699 5.720807888
209.814386256 8.530697387
209.820579039 5.230731276
209.826822019 7.441214362
209.968142355 7.983131115
209.976462306 5.286499867
210.008426855 6.019628509
210.017921128 7.532158488
210.048793153 6.861659128
210.059087962 6.170575778
210.085129215 6.296967993
210.086223632 5.796730554
210.089376342 5.900068735
210.092035416 8.307471146
210.108914316 7.222259724
210.114576882 8.430139123
210.140674577 8.556456527
210.146570234 7.560583305
210.170884624 6.783362645
210.27461187 7.588364396
210.280007662 5.489954363
210.28551393 7.999998823
210.291709259 5.9020925040000005
210.292603683 7.305729017
210.299139395 7.212181094
210.305144227 6.817399811
210.445468821 7.659017994
210.452681641 5.962929095
213.523032835 5.828055198
213.56700098 7.975706361
213.77204379 6.377709071
213.774384801 5.478229632
213.77847168 7.185652045
213.786040973 7.093121139
213.827179511 8.035602636
213.828317564 6.734707637
213.829843555 7.437309518
213.833742772 5.637851461
213.834683451 8.34354972
213.837709372 5.341382827
213.869187968 8.878815814
214.035762793 6.441076516
214.047109958 8.856419259
214.078369297 8.787513382
214.273699159 7.981362764
214.279703655 6.284255388
214.284882198 5.888639319
214.28904757 6.493912782
214.400914755 5.804413296
214.408876411 5.712265077
214.415180343 8.223039055
214.422327782 8.530646052
214.464899303 7.972227229
214.46917773 7.275448234
214.477228564 7.684116523
214.483383644 8.791983649
214.488405576 9.09740578
214.493786184 6.398078107
214.500446745 8.408458671
215.904629962 9.01130256
215.910994456 10.820504531000001
215.91958674400001 8.024333357
215.927406177 8.432944911
215.934256287 9.942456925
215.941890845 8.948412609
215.95152816 8.657471402
216.807588734 5.306490948
216.933160289 7.535481977
217.081928788 6.081798984
217.190432293 8.293612447
217.198642727 5.797805383
217.227984452 5.92732787
217.579216531 7.280197451
217.582820005 6.682859331
217.589558832 7.390768492
217.593897129 8.496741732
217.599895404 8.102112134
217.605254374 7.005809375
217.925255618 6.323941728
218.178700994 6.376870014
218.192995488 9.196004768
218.215379373 8.417043845
218.221084004 7.020564863
218.636000456 8.937845005
218.775072362 7.67474793
218.780661446 8.782081214
218.789412283 7.087786388
218.7944532 6.892268231
218.802232056 9.204329411
218.886003244 9.58848991
218.894469542 9.697078707
218.928476344 9.029991034
218.932563237 8.533414067
219.764619906 8.964861199
220.032215877 9.532901082
220.386895779 9.687306979
220.391828883 10.293120284
220.39691815 11.600165143
220.697573632 7.091880132
220.791280819 7.8869555
220.996439507 8.292584635
221.013463032 6.806637641
221.018286179 6.110323549
221.035602826 6.428109746
221.084575273 7.378749057
221.214820545 6.406987714
221.219205169 8.815960089
221.253519818 6.7461457330000005
221.263053362 8.459048127
221.294229766 9.291831204
221.310119447 8.105113745
221.335810706 6.327626396
221.341116953 9.038125131
221.376234649 8.271443032
221.382385505 7.876792502
221.387302038 8.382736138
221.397917807 6.690229411
221.725751677 7.819629646
221.731112674 7.424134935
221.73964221 9.136001763
221.74676768 8.441598299
221.753181682 7.345976926
221.763956583 9.66125052
221.773831701 9.570930119
221.781510296 7.674848754
222.038975222 9.53552089
222.298306834 8.892929761
222.303407793 8.296959127000001
222.396634918 8.590717601
224.060931123 6.347994593
224.088566911 8.779655616
224.130675614 5.014754826
224.250021056 7.538906313
224.255753945 7.945171934
224.339437768 6.025352691
224.347760942 7.135782137
224.357364965 8.547509117
224.387743985 8.778244091
224.388386999 5.172191999
224.766565968 7.855129714
225.013895614 6.198473018
225.021021649 7.107745221
225.029169994 7.015780024
225.037152339 6.622792487
225.043886504 6.529295444
225.050182425 9.540857567
225.064806406 6.951152521
225.077836669 7.264708274
225.083640615 6.468817346
225.093415589 7.680987028
225.13749999 8.927110617
225.261207976 6.546111985
225.2774621 8.666452722
225.3495838 9.639938085
225.355517957 8.043279678
225.357299518 6.441743525
225.365221101 8.353603337
225.397362053 8.886432161
225.400079542 7.887447751
225.408212847 9.99901683
225.429017906 8.317276489
225.433832753 10.225205147
225.439393678 9.529382749
225.46736045 9.05659208
225.474684363 6.458880871
225.580402701 8.769094543
225.584819827 10.476401693
225.893270675 8.280527077
226.422940712 10.312631388
226.428374741 10.418230613
226.433147458 8.219294849
228.163998158 8.046031502
228.285903522 8.468519431
228.393870179 6.9736790420000005
228.399723647 6.277950567
228.434546208 8.216420443
228.44046963 8.122172017
228.471711528 8.954920302
228.554424683 5.330359107
228.56342435 9.146901041
228.596085487 5.672656101
228.596748845 7.076376985
228.605116505 8.988139319
228.606002557 8.187464315
228.624796555 6.302735932
228.628705357 8.109980956
228.643465111 6.621950123
228.649216137 6.026503676
228.850961772 5.827331072
228.863568628 7.242946809
228.87017905 7.750522111
228.876121298 7.856605475
228.960077355 7.640099661
229.098349114 7.878572248
229.104373026 7.38357737
229.127264378 7.205942305
229.133473612 6.009640731
229.137778896 6.615149345
229.165226087 6.4422876030000005
229.314370664 9.396778893
229.319697566 6.496495888
229.325377429 7.504258806
229.331351353 9.614280716
229.450265452 6.125989393
229.457197347 8.838227896
229.583615845 8.864520689
229.587487326 10.271105965
229.588442489 8.669043678
229.592469822 9.574670678
229.592722491 7.170417149
229.599633307 7.377652626
229.603321339 8.784056344
232.009600535 7.382863294
232.020636342 8.195307365
232.20904598 7.682508707
232.250077615 7.022334722
232.485783162 7.458306903
232.491012934 7.363397753
232.537232531 8.511569756
232.57755339 7.249696528
232.761763246 8.836277799
232.769646474 7.942573591
232.775723242 9.050598995
232.855798872 8.429578575
232.863010675 8.737168342
233.015427594 8.689347705
233.044115955 8.31721537
233.189019976 8.261820422
233.723494488 9.497512335
233.729318135 10.304708379000001
233.736030451 10.21121022
233.742936633 10.117892732
236.092150569 10.563923419
236.30979074 8.978506001
236.330748826 6.595510015
236.373072978 10.143451795
236.379267257 9.949392161
236.405616126 7.271341275
236.714866399 10.585503861
236.71669267 8.584080318
236.718854036 8.786542215
236.923096346 9.291171827
236.930934533 6.794927896
236.939210186 7.003574923
236.947731433 10.117293528
236.960151067 9.92942498
236.967578416 6.530845034
236.973224114 11.545191351
236.980823666 8.94836305
236.98824569 8.054478683
237.072729543 8.038651132
237.073302862 9.541544015
237.078539358 10.448346376
237.08325364 11.35474446
237.155926173 10.826211788
237.309453638 6.77254257
237.313957686 8.580497273
237.316254812 11.287128038
237.323534329 11.695222487
237.330306466 8.897230948
237.432166187 8.798803909
237.438832294 7.603396818
237.446912991 8.913695582
237.454865896 7.419041342
237.487461263 7.952481121
237.493787567 10.563270317
237.498027881 10.367059543
237.818817297 9.986663124
237.823461541 10.091428132
237.829674178 7.593414049
237.861402689 11.331426434
238.155524647 8.921052767
238.159985424 10.928920111
238.165397922 7.828940275
238.172040994 9.338385661
238.178616642 10.747022916
238.183080561 8.548004778
238.189381497 12.360770417
238.195847288 12.266934367
238.200796939 11.470483755
239.95736685 11.724584595
239.966742166 10.531966175
239.974118315 11.641200245
239.981585131 10.64697397
240.163030356 8.223356245
240.447887725 6.003613671
240.4564035 7.615039255
240.694074583 6.550374507
240.698699907 7.95762157
240.796761216 7.454573391
240.895659836 9.356690984
240.901200755 10.163960826
241.021736099 9.683366333
241.027959322 8.887750735000001
241.11212654 6.56764714
241.185569407 9.746842913
241.307161941 7.564340348
241.313078657 10.475740203
241.321691817 10.684576693
241.328892416 8.687888638
241.433616469 8.291795731
241.473598936 7.530429338
241.47990754 7.436519355
241.485665034 7.141581781
241.50605747 9.766806165
241.514761067 10.577048252
241.551194604 9.71183081
241.557737894 9.91863101
241.589565194 8.047069929
241.598146839 9.157528172
241.624005081 7.781046696
241.632540181 7.388652317
241.669306543 9.629328502
241.674501371 8.432503708
241.679880225 8.037169718
241.687431676 10.649468897
241.766081851 8.824560208
242.166496519 7.521800479
242.173555609 9.131953554
242.180737242 8.738369506
242.187082475 9.946734672
242.194500799 11.056391041
244.886930171 13.648636717
244.978373347 7.32811585
245.100900619 12.760416506
245.110367417 12.569580877
245.258655196 6.306460147
245.266729346 8.016948802
245.29939469 9.352034232
245.303245948 6.551348344
245.307926408 10.162070349
245.340636699 6.188135255
245.349382038 7.999506172
245.35076029 6.999596206
245.382105954 10.536932294
245.478393433 7.227332502
245.58370411 6.93192512
245.586625838 8.93786295
245.593087354 9.244888748
245.652903557 9.605347694
245.661439384 6.408634697
245.701049776 8.952181267
245.723984878 7.973550262
245.730477844 9.883321267
245.948858774 7.497584625
246.044714972 8.594671874
246.052206574 8.502076756
246.214700197 10.868442404
246.220724349 9.171298817
246.225937045 9.376897049
246.231183945 10.784821757
246.235682441 6.6823585770000005
246.236991974 9.287796223
246.241296583 9.091679496
246.245397965 7.393310459
246.250530397 7.198155642
246.695668358 10.547890005
246.698173896 11.95325471
246.700507752 10.151914833
246.706120743 7.353087897
246.712828038 11.06600415
246.71954426 11.47347052
246.805209696 10.356791948
246.809710965 8.959093676
246.994211512 8.442686344
247.003704019 7.350159404
247.038898056 10.790866429
247.048887703 7.29519613
247.080222566 12.134821588
247.090086813 8.939116254
247.12220117 11.575599824
247.131972699 11.385012845
247.166256063 12.120631601
247.355988838 9.405256819
247.361443854 7.9083128050000004
247.367153983 9.316324263
249.745692864 7.186952915
249.848163555 9.39308789
249.853885967 6.29335681
250.046883806 9.992520433
250.051940022 7.192721622
250.055650478 9.901067701
250.088893935 8.131271617
250.09871755 8.040973709
250.133074272 8.87673795
250.142928608 6.782837862
250.17280191 6.411828187
250.183064839 7.524246451
250.214394897 8.457183508
250.315208511 8.958587622
250.318792628 6.658074183
250.324645633 8.467229786
250.340068955 6.478801371
250.348694255 9.192521063
250.380362649 9.624831403
250.390129275 7.631201278
250.838419093 10.583613115
250.892248474 9.836175418
250.901094392 10.045441899
250.908351829 9.351377483
250.914929345 8.45645636
250.921289587 11.067403274
251.122868771 9.465739944
251.129368881 10.574152261
251.157184434 8.999246396
251.164100355 8.104496584
251.189143843 7.929140627
251.339856401 10.984925327
251.355395237 9.097294088
251.631619933 11.677522888
251.639166594 8.178875946
251.641300407 8.681926327
251.647424663 10.691626265
251.666136245 11.010747528
251.67210423 8.51229144
251.672588223 9.314260767
251.677909374 10.221141695
253.782183136 6.514531327
253.796864409 9.735129566
254.088872144 8.424079815
254.10640003 9.944530512
254.366616182 8.60155244
254.372501107 10.010138024
254.376900085 9.213165921
254.397527686 6.929539453
254.407221604 8.040935388
254.437199114 7.570040233
254.44032253 7.372925222
254.441747202 9.077732794
254.449455961 8.985156397
254.734657058 6.765728713
254.742445506 8.877271176
254.743304407 6.874496463
254.751030284 8.184420406
254.776129123 7.60858553
254.781153438 7.112715023
254.787429898 10.324916233
254.822495691 7.053939847
255.818272745 9.652349849
255.874558651 10.811011655
255.878458297 10.614469241
255.884684638 11.121654718
255.932076246 11.669936687
256.038747166 11.075426281
256.126263054 9.459484339
256.321717851 10.356216809
256.506456602 11.843613436
256.512903243 9.145124022
256.517754596 9.750820131
256.67500469 10.208521519
256.680550891 11.817340325
256.685917984 9.718666867
256.68988414 12.728383409
256.695420789 10.429255145
257.018108398 9.449903895
257.022463872 10.956765137
257.02827797 11.463690672
257.032296626 12.46959482
258.466713966 6.591063757
258.524892097 9.654433477
258.662711451 7.889105585
258.786628774 8.11332055
258.792262718 8.820117239
258.819040854 10.349110462
258.825297495 10.756159711
258.856016584 9.484743096
258.859383536 7.184077084
258.863585608 7.689130228
258.866646462 5.988792222
258.902387998 6.224917015
258.946674266 9.675515681
258.949819515 9.879016736
258.952211337 10.382110495
258.956306361 10.686720463
258.958692668 9.988001253
258.964118726 7.689477251
258.971392512 9.099329653
258.985201026 8.812764826
258.990144051 10.620408093
259.013707687 6.837354345
259.17202437 8.799270235
259.174625725 9.5028009
259.176811477 9.404847965
259.182651987 8.208569896
259.184376497 7.7094050460000005
259.218329917 6.240333474
259.235130628 6.657880462
259.245445583 8.371672169
259.281812121 9.710236034
259.543936277 8.970838221
259.547910227 10.877711546
259.550556322 8.476300339
259.557203774 10.386252594
259.560393022 7.985195017
259.562257753 10.791883374
259.571912402 10.100486632
259.580585898 9.508305051
259.58821901 6.509994699
259.884205359 8.509414766
261.201703122 10.929092377
261.496138424 13.326794195
261.504980405 8.727304166
261.537031034 9.160206066
261.546062849 9.069039208
261.57517233 9.599289434
261.585201182 11.112239054
261.617190984 9.541061948
262.98791726 6.804817577
263.239788975 8.35875864
263.541573556 6.45689245
263.550541662 10.272022437
263.583924288 9.904784743
263.593711424 9.413849471
263.627887283 7.745259012
263.993275646 9.613182237
264.309028942 9.628371321
264.415344616 8.933294367
264.541102012 7.6567929580000005
264.555902237 8.573141184
264.677443898 9.395811934
264.844869225 8.060822085
264.851001597 8.267374201
264.866216451 7.881748164
264.870928091 11.492183737
264.876742739 10.296334452
264.881600008 8.197681482
264.887998078 9.205672433
264.898537548 11.319523992
264.922234179 9.740808511000001
265.285636885 10.504819426000001
265.291307922 9.909473234
265.356823065 9.273907307
265.36304102 8.879535555
265.369852529 8.986466889
265.515988829 10.534854109
265.524619152 11.244633264
265.554950949 12.376633867
265.565676876 9.983463031
265.593644697 10.512335483
265.597616664 9.31434312
267.637399393 8.047777495
267.656594748 7.36595798
267.950332486 6.457772522
268.055791301 8.366060229
268.381185995 9.492782509
268.386362892 8.997056758
268.429844082 10.944280633
268.436339129 10.650309031
268.654794979 11.269395644
268.655131982 10.367817893
268.659888132 10.673338167
268.661819415 10.574962187
268.687914886 9.398817653
268.694125928 8.804110759
268.719262846 8.62896994
268.80615375 8.215020683
268.8112375 6.617365805
268.818594301 6.724951961
268.826761586 7.835066944
268.833740178 11.247980969
268.972576213 7.379821008
268.976557788 8.786105092
268.977258291 10.18897208
268.982171409 11.296264623
269.011079565 7.318169376
269.028008741 7.836019917
269.184240648 7.290975883
269.300732472 8.509278188
270.34685572 11.358209541
270.658293459 9.566424644
270.665820497 12.17797404
270.771730973 10.98184325
271.015157279 10.123542972
271.022351318 11.833366306
271.029515362 9.737450628
271.0354589 11.045303019
271.061679999 13.776505531
271.068529676 9.676130915
271.102584201 9.109113358
271.111740237 12.022886089
271.136896391 10.645919925
271.160906826 12.572904732
271.165700757 9.372612833
271.192598718 14.007658406
272.786868351 9.190441305
273.187397285 7.48723631
273.194414263 8.495748802
273.280148477 8.982153113
273.430738376 10.535810639
273.49100253 7.991139606
273.607448003 9.109109231
273.655039775 9.557477613
273.728837033 9.731504419
273.7327738 11.038098899
273.741067074 10.244815876
273.749649683 8.149637404
273.758331811 8.75930168
273.774499266 9.877417616
273.792872755 9.394673697
273.806736246 8.507234905
273.829796249 7.728873313
273.835592637 8.636309937
274.046663509 10.249859859
274.050415018 10.754584042
274.204427297 11.209278882
274.246200576 9.147062932
274.249029517 10.853019837
274.288135115 8.487778689
274.295194514 11.500390901
274.302043772 11.106441699
274.313225721 12.019195692
274.319686424 8.919961019
274.326678603 8.325996145
274.931655751 12.437322861
275.229056184 9.328556813
275.236491791 10.637963497
275.263186252 8.961941888
275.273778967 12.679313154
275.307086631 12.211741006
275.395098364 13.000938345
277.916922565 6.9066180280000005
278.224019663 10.820225411
278.22860743 9.422503509
278.520993274 11.016948921
278.611289004 11.608685677
278.616098253 11.713778298
278.856334799 9.348797528
278.870661059 10.465211556
278.876721326 10.771795962
278.984558565 8.475172259
279.035030288 8.725974892
279.179028573 8.268820162
279.184063007 8.373936969
279.294442013 12.892903071
279.300701648 12.498486163
279.352850023 12.25010116
279.359290552 10.853636529
279.386516759 11.682198767
279.389862154 10.483624856
279.392971708 9.284336005
279.401352778 9.392823592
279.407953025 10.201080333
279.414728623 10.708710518
279.421151431 10.81532688
279.432345765 10.025131267
279.613164446 9.905180044
279.617219733 8.306472904
279.622567261 8.411952938
280.022744945 13.320638959
280.581911613 10.172663133
280.910899745 13.708034844
280.917187143 10.207256904
280.99991923 12.995184742
281.00474916 11.096417693
281.009609925 13.205085778
281.014780029 13.41058054
281.020296705 9.909842862
281.026341763 11.218151758
281.033720197 14.531970794
281.039500827 11.431738711
281.264692096 10.655081818
281.271976423 12.265554832
281.27930817 11.972285057
281.286205472 12.179556202
283.869845041 11.357472134
284.139837034 10.826154008
284.200366605 12.589020771
284.210482128 11.097163608
284.244991675 10.530609206
284.254798713 12.243067274
284.387352944 8.970520603
284.452273478 12.640750106
284.456866189 10.542281008
284.554969083 8.537087945
284.560508785 10.245334059
284.683248164 10.46815689
284.689780991 11.97708361
284.695563805 10.079829149
284.712589298 12.500585516
284.721159425 9.10395655
284.723818906 10.007986776
284.731100814 9.714946383000001
284.764648834 13.053222417
284.768263464 9.551777386
284.800407078 12.488212862
284.804822554 10.990364262
284.872686093 8.654481368
284.94248061 9.625780486
284.946926745 9.429889877
284.996574939 8.678134039
285.001454776 9.885101598
285.004331193 9.287038364
285.207694671 10.391708638
285.217322113 13.305677133
285.268303566 9.350589881
285.276468114 12.463659215
285.284136099 11.169218083
285.408809727 8.990152765
285.414028595 11.900015251
285.418493514 11.003079379
285.42432307 10.908736786
285.572318677 14.161231216000001
285.576447005 13.164166757
285.58202414 13.470193386
285.586456264 12.973833145
285.784460618 12.771315496
286.102481529 12.688646914
286.417999868 12.403266989
289.580630337 11.859329899
289.796681699 10.97348592
289.849538831 11.827658654
289.855675445 9.729865588
289.929461292 10.605450374
289.935278084 8.908091815
289.996830048 10.873161233
290.201660408 11.178207386
290.339649644 13.620456478
290.346210215 11.823492946
290.367941397 9.641104011
290.374209889 10.348628926
290.532503783 10.807606384
290.535614037 10.309625196
290.54151564 8.913445758
290.547504251 9.920885505
290.863711832 10.036687142
290.866017523 13.946420168
290.88328964 11.258609234
290.887821955 9.760494757
291.174354964 12.852016156
291.178873716 13.357398577
291.334344451 11.008163662
291.353365777 14.13327861
291.3606797 10.433603486
291.452475119 12.829613231
291.456966171 13.2347815
291.463207721 13.541542881
291.468899157 12.245175743
291.697299412 13.274751111
291.702324096 10.174429491
291.708395047 15.189548806
291.741987196 14.221102922
291.747351071 10.319571242
291.774907381 12.350688397
291.776599318 14.155443493
291.784628419 11.859303849
292.128108724 15.108368396
292.230408359 15.110541525
292.553851585 12.127497087
292.557936279 15.738529052
292.781353051 14.058343223
292.787154852 14.66508493
292.792186238 15.371540953
295.589910186 10.655950366
295.934173071 13.805271152
295.939243518 12.808502281
295.993091829 12.762218366
296.260315466 8.821898512
296.266990699 14.33847238
296.274401552 13.444123738
296.279576777 11.946743391
296.323749928 13.69385129
296.333015221 11.899938245
296.341631902 12.309310273
296.354172168 12.121532625
296.36402809 14.635824497
296.373619098 13.844004456
296.403630387 11.068990079
296.414052075 13.483647143
296.65208922 10.015098145
296.687623657 10.251028129
296.695252407 10.358777942
296.719240879 14.890909915
296.725317985 9.787967549
296.745601601 28.440313897
296.749890927 10.012814725
296.753600246 11.719414678
296.760328197 14.330802835
296.790850166 12.858781951000001
296.795533067 11.060141805
296.801210396 10.264422666
296.996446043 14.767264344
297.001019473 10.163840319
297.005852463 13.374344265
297.033872615 10.998017451
297.038531257 10.902426652
297.150806893 13.819780344
297.292285278 9.653407536
297.298774663 9.559688863
297.304247281 15.275499672
297.340984895 12.707545944
297.352057356 10.013822748
297.38538774 13.95411189
297.394713946 13.562701615
297.498501207 10.460937855
297.506336936 10.268327345
297.54880561 29.644153379
297.569607856 11.333332523
297.574604917 11.739022117
297.579610772 12.745809657
297.584756554 13.853017743
297.589295904 12.05435759
297.59377182 15.264382856
298.083288321 13.349640098
298.089135842 12.954793922
298.096183816 12.460978623
298.101850598 15.371797683
298.109070006 13.97658388
298.115771203 12.180087582
298.121618302 10.582965054
301.767857657 10.522834507
302.048881267 10.403093281
302.33160909 11.687543972
302.341689191 10.094675146
302.343644971 13.101747034
302.386681341 10.941298437
302.397155754 14.157168322
302.429181088 11.083993466
302.436898495 9.588855988
302.469298081 8.518945856
302.477195302 12.334062776
302.509375931 9.961863243
303.528522157 14.887751952
303.539298385 9.88964445
303.640245837 10.691958841
303.645252219 10.997484378
303.65222315 14.811007962
303.658695601 14.717254204
303.664517588 10.315452062
303.671011105 11.724660826000001
304.044979115 9.593787192
304.051254459 9.299463454
304.057384176 11.008944825
304.454998859 14.612159325
304.459801516 10.208880394
304.463520972 14.72089221
304.467906353 14.424872582
304.473043167 13.728853276
304.478042412 16.53852092
304.48398861 15.442409653
304.489106556 14.245864928
304.493769854 15.051595487
304.638186468 13.493301606
304.644216049 9.992602871
304.651247591 16.511466391
304.658342133 15.516644739
304.666166772 12.318996153
304.67274493 12.225385402
306.462235105 18.422591409
306.779917178 15.935500511
306.789925432 12.43886775
306.795002832 15.750251808
306.800989802 17.25871118
306.833678213 14.987549296000001
306.84013527 14.092224155
306.864365553 12.713625968
306.870288319 15.124285862
306.895161751 12.84461815
307.032750665 12.180821883
307.210717528 12.659353552
307.214598327 13.364417431
307.377294183 17.0338987
307.387545887 13.938253032
307.421696959 19.58241569
307.432346281 16.888449181
307.46550343 17.522516201
307.475595269 17.833124251
307.584424858 16.639803318
307.589681841 14.340839749
308.161792594 10.103988805
308.504165637 9.043383275
308.550402916 10.893340793
308.726155528 12.671934147
308.734566136 9.073393898
308.784671681 13.531856403
309.042213566 12.086589066
309.048799799 10.890893351
309.053521009 12.398312658
309.058750823 12.503698389
309.085118665 13.131052301
309.090117425 14.037855182
309.097154803 11.339906375
309.103128562 9.742464038
309.260374954 10.100256548
309.265322105 11.407925678
309.271658056 11.013494767
309.276541249 10.016190253
309.295523049 13.441702905
309.302372968 14.149885773
309.306777106 13.052216825
309.313450836 9.451855566
309.435420124 8.772144767
309.442004892 13.888558849
309.44571631 12.289667944
309.452296008 13.999121627000001
309.458119813 12.001418702
309.4642758 9.101549904
309.471011599 13.717323281
309.477047825 12.220774081
309.48286656 8.91981249
309.604481421 11.646837611
309.608624744 12.0517339
309.610665009 12.554913473
309.618992475 13.264315687
309.619142184 10.960155636
309.619640593 14.667530993
309.626645239 14.273667896
309.62874524 10.067779305
309.63302642 9.671206226
309.640512602 11.181942454
309.648092251 9.185211182
309.65448334 14.000913296
309.69534007 8.931835006
309.772448318 12.415977915
309.779010786 9.717028866
309.787258621 10.82765133
309.794437137 9.531865659
309.802400427 13.347559935
309.807908235 13.052555803
309.815282754 13.660905031
309.821111687 9.65879267
315.041895485 13.977706406
315.392402233 13.927483282
315.408157474 14.143631157
315.513275097 14.348900421
335.276106137 54.749567301
336.499241091 49.361345198
336.50432158 55.276782506
336.512306992 61.596240887
338.247638425 65.334572193
338.254717245 84.475496685
338.262926049 74.065222466
338.272457629 36.907731848
339.141075376 55.609698997
339.148323655 54.615047293
339.155827867 45.606411979
339.533051011 86.054181691
340.38414025 86.504746576
340.390131844 63.771122847
340.399339699 41.339445193
340.405918068 55.171473413
341.444899025 42.585506238
341.452764319 43.094374705
341.541180424 76.642291901
341.642347305 61.817216861
341.679721587 87.700162749
341.689793379 89.914269611
341.72164449 83.835380875
341.746505738 51.302885339
341.807862158 81.116595276
341.831171767 73.626097859
341.86728606 68.653751859
341.91136871 43.352555401000004
341.920212916 83.532677909
341.962850377 83.775780431
341.975123637 50.429615521
342.008845422 62.484402829
342.033501883 48.884840275
342.045244745 42.283839894
342.077487115 53.73732198
342.149607197 68.53541433
342.17753989 43.418390167
342.25629836 63.332966998
342.281899139 48.53196821
342.308063456 90.031503654
342.333846347 52.991786882
342.358476294 88.27875505
342.368568822 65.048154407
342.405751583 41.44188894
342.447699748 41.584061613
342.476726118 72.267923315
342.502358441 78.805708061
342.527274893 57.092488035
342.585569984 53.84459198
342.600336147 76.399189468
342.63508689 88.154858768
342.665941373 59.6354185
342.740155493 66.62215238
342.780032263 82.389238627
342.809666158 87.027158889
342.835084804 83.34559477
342.860592229 78.06179589
342.904148666 50.757433826
342.927172589 50.880593558
342.979207878 54.538859360000004
343.025035468 46.169532362
343.032867495 75.729238673
343.0659074 54.525342809
343.073103042 61.745414999
343.136331928 71.625150998
343.16400484 84.475912009
343.170616556 67.353224042
343.27249706 76.670577869
