4.302260702 2.600976666 1
4.34688891 2.244862246 2
4.387225034 3.186648245 3
4.3894044690000005 1.886647111 4
4.3946650940000005 1.791788514 5
4.400600012 2.799479673 6
4.432032094 2.430240186 7
4.438054441 2.035526017 8
4.45099436 3.150230496 9
4.46047571 2.158080197 10
4.461468068 3.060618408 11
4.951564501 3.85115651 12
4.957166706 3.95694137 13
4.963932845 2.761668349 14
4.970750652 3.469741417 15
4.978138321 3.076557527 16
4.983529003 3.182135789 17
7.365443396 3.660590004 18
7.409500865 4.706398614 19
7.454382752 4.250564471 20
7.460326703 4.657145316 21
7.48608871 3.881494021 22
7.509936667 4.406377097 23
7.518687015 4.214714675 24
7.550268483 4.146101677 25
8.375037702 4.269567456 26
8.429693337 3.723382709 27
8.466064671 3.459199189 28
8.471211143 4.065302417 29
8.476015094 2.266734818 30
8.506975993 2.999173475 31
8.513371802 3.406368987 32
8.531687058 2.823419992 33
8.537758198 2.428678117 34
8.540380665 1.730050724 35
8.540700319 3.133099195 36
8.575140326 3.7687113510000003 37
8.58425809 1.8741884070000001 38
8.61763327 3.410400966 39
8.631597761 3.023558057 40
8.638862953 2.329473327 41
8.843928832 4.33789119 42
8.850707315 2.841826018 43
8.857041011 4.851691025 44
8.863451052 3.555969494 45
8.869965494 2.460417001 46
9.42280606 4.516184037 47
9.453537898 1.842010903 48
9.458855579 2.347989901 49
9.468425634 1.957020352 50
9.544623221 1.7328082930000002 51
9.574360402 2.2631742519999998 52
9.584218645 2.1728887119999998 53
9.888369228 2.677353976 54
9.894398392 2.9838004490000003 55
10.588438977 4.078662003 56
10.594583425 7.591104874 57
10.601134794 3.991206603 58
10.60750073 6.802463346 59
10.61377119 6.40820687 60
10.619647885 6.313913271 61
10.626151624 3.615441073 62
10.63217476 6.7269504300000005 63
10.639169112 4.730519844 64
10.646268049 2.934577328 65
10.653330924 7.7500361 66
10.660024547 7.155624173 67
10.664870593 4.8564169800000005 68
10.670921975 6.064792195 69
11.196863977 3.284982813 70
11.318743801 2.705844897 71
11.329359186 1.413430999 72
11.438231646 2.2239144140000002 73
13.492192214 3.977059127 74
13.524570097 4.811492605 75
13.527804389 5.015131262 76
13.587779978 4.774517386 77
13.592667505 5.380394017 78
13.599145431 5.486960814 79
13.631459622 4.016105761 80
13.636019527 4.221097071 81
13.641721819 4.627990488 82
13.642094223 3.826284025 83
13.649442211 3.933868585 84
13.666266191 4.752830007 85
13.760954805 5.44848174 86
13.961092697 5.548536994 87
13.966904143 5.954845764 88
13.975385254 4.861401307 89
13.982978417 4.6683922330000005 90
14.515778463 3.096810395 91
14.558239971 3.239497555 92
14.563884813 2.543797462 93
14.564692962 3.846980978 94
14.616132993 2.195533964 95
14.620277748 4.203136512 96
14.626062971 4.609815525 97
14.631918735 4.014407447 98
14.67956203 2.759702944 99
14.688636581 4.471901647 100
14.694347826 3.676077781 101
14.701358 1.879932637 102
14.712123102 3.593706451 103
14.717136265 2.49678524 104
14.731672788000001 2.110608695 105
14.753175264 3.534614753 106
14.758462604 2.237710264 107
14.868225392 2.547775367 108
14.880901568 4.363615341 109
14.88500618 4.568003325 110
14.910557689000001 1.488236692 111
14.997378071 2.075759179 112
15.004823014 2.283637507 113
15.01003593 3.491018019 114
15.027763647 4.911275306 115
15.037053808 4.219184715 116
15.067215255 2.946995712 117
15.0751573 3.455879913 118
15.077473755 4.159374374 119
15.08338977 3.263687053 120
15.108578854 3.389079662 121
15.119132944 1.596727214 122
15.509240797 2.287204626 123
15.590347039000001 1.566949525 124
15.604768444 1.78174545 125
15.709535658 2.687839512 126
15.716794048 2.094098805 127
15.71849882 1.995639772 128
15.723293282 2.6015181800000002 129
15.929340059 1.004488734 130
16.013497548 2.09025009 131
16.021983782 2.699763027 132
16.04893311 1.324383251 133
16.527792917 2.303982311 134
16.623128146 1.5981395090000001 135
16.719973382 2.095600076 136
17.666449671 2.8417909320000003 137
17.680208649 3.155955914 138
17.797714818 3.6741221250000002 139
18.07066928 3.746729829 140
18.078120241 3.654039375 141
18.793407658 3.167446726 142
18.848726213 2.621826731 143
19.161206017 2.233038772 144
19.16628995 3.440129123 145
19.23937763 3.212758759 146
19.245450659 2.71794075 147
19.251398533 2.423312898 148
19.50184124 4.27648023 149
19.508174733 2.780269807 150
19.515388715 4.189871308 151
20.03527814 3.007023561 152
20.154888907 4.62901907 153
20.165726423 4.038989496 154
20.846259039 4.218547823 155
20.870497177 4.443107729 156
20.95356399 5.027144235 157
20.955366081 5.830228397 158
20.982427255 4.6553058 159
20.991688143 5.16541984 160
21.025297785 5.5996327610000005 161
21.848775838 2.91713168 162
21.919192568 3.989322455 163
21.952079036 3.821833818 164
21.955579824 4.22608999 165
21.962141893000002 4.132421512 166
22.031993882 3.500973097 167
22.04195964 2.4088984570000003 168
22.060445197 1.926369111 169
22.073768745 4.544617606 170
22.084113251 2.3508981540000002 171
22.151481107 3.820916204 172
22.154851253 3.92452134 173
22.179158949 2.245530308 174
22.188368674 3.056298578 175
22.21978513 5.091447347 176
22.229319836 3.798524281 177
22.258622597 2.425211674 178
22.858427769 3.325400475 179
22.951140599 2.6167604200000003 180
23.461649867 3.427791599 181
23.466538895 5.43652263 182
23.473246195 2.537752318 183
23.477548338 3.243388667 184
23.482154006000002 4.750782039 185
23.490736632 4.8595858750000005 186
23.581032732 6.352503218 187
23.586816874 2.7514668970000002 188
23.593875167 4.562010051 189
23.602126608 4.169335547 190
23.606890987 2.270524287 191
23.612766686 4.781244628 192
23.883376544 3.4487625250000002 193
23.890372308 6.260965046 194
23.898100559 3.263055851 195
23.905264504 4.572703527 196
23.91472544 6.485750281 197
23.922846885 6.594167019 198
23.930997103 4.698674346 199
24.920377828 4.185212184 200
24.964457508 3.928715272 201
25.081635933 3.845426707 202
25.121237646 4.58641996 203
25.149453435 4.013477876 204
25.93755087 2.296833449 205
25.971468453 4.234204122 206
26.021501262 4.384443422 207
26.028361909 2.187296535 208
26.041003358 2.9011364520000003 209
26.152761062 3.413675314 210
26.155941868 4.619094428 211
26.166456995 3.126736733 212
26.185671376 1.8438666810000002 213
26.192706411 3.954525572 214
26.19764163 3.859263302 215
26.206061642 3.266630982 216
26.220407191 1.778476481 217
26.278198438 2.336953535 218
26.291920357 3.65291871 219
26.299514981 2.258097715 220
26.381362867 3.041203523 221
26.386696654 3.9480757200000003 222
26.391173367 3.151119615 223
26.396336856 2.855816199 224
26.415409849 4.5779360239999995 225
26.561206068 3.721926762 226
26.565075527 4.527261998 227
26.572054299 5.135449147 228
26.577036693 2.836207068 229
26.581409815 4.643771392 230
26.940812926 4.802847319 231
26.949101071 2.707424859 232
26.952988793 2.410826046 233
26.957010227 2.815467475 234
26.964381286 4.425502584 235
26.972206114 3.5318925119999998 236
27.169368501 2.226572711 237
27.174441254 1.730602675 238
27.207990123 1.964505592 239
27.337930512 2.595377903 240
27.724070854 2.681035774 241
27.730330415 2.386663444 242
29.067928377 4.425487576 243
30.000104391 4.055307107 244
30.097086771 2.248421609 245
30.128837244 3.181905585 246
30.135240608 2.98792599 247
30.161299734 2.713405006 248
30.166713165 4.422287181 249
30.168131343 2.018806849 250
30.171672177 3.825973502 251
30.214664076 3.568171564 252
30.220311384 2.271501545 253
30.223153465 2.6750725280000003 254
30.238889958 1.889161745 255
30.247729851 3.701477762 256
30.251973485 3.204848403 257
30.251993559 4.607711163 258
30.26200367 2.212921657 259
30.295464397 5.152224172 260
30.304459255 5.461814983 261
30.370501358 3.924525444 262
30.377896243 4.533243544 263
30.560818283 2.110831214 264
30.567387878 5.023306262 265
30.673313229 4.528110541 266
30.680079416 4.434646812 267
30.686708326 4.641625509 268
30.693133565 3.445572071 269
30.70191398 2.151791187 270
32.138972429 4.490653453 271
32.258642071 5.411885001 272
32.263251067 4.013759289 273
32.271007814 4.923339047 274
32.303375368 4.554883607 275
32.310473339 5.56386528 276
33.032736212 1.576731857 277
33.143100079 2.388360955 278
33.157036103 4.206012533 279
33.163239573 3.209986949 280
33.195492042 3.041950119 281
33.202143626 4.05063535 282
33.21520492 2.159886428 283
33.221410306 2.967682666 284
33.226228002 3.473319487 285
33.25198108 3.398947807 286
33.257722438 2.402883321 287
33.284028738 4.032234842 288
33.284280333 4.533658598 289
33.287459025 3.734863958 290
33.288103108 2.934288584 291
33.294424713 2.840375213 292
33.724248158 3.169968781 293
33.73035361 2.174118852 294
33.737900234 4.887028203 295
33.746900148 5.096498293 296
34.209900635 3.054354007 297
34.248905981 2.592403665 298
34.331060431 2.474009193 299
34.339390473 2.382008095 300
34.372510978 4.319053112 301
34.381572086 3.426503705 302
34.414527882 5.363260132 303
34.423888324 3.16823798 304
34.726092128 2.167517247 305
34.733414417 5.381438768 306
34.737823487 5.285499628 307
34.744870252 3.389134234 308
34.822977228 4.168500362 309
34.832192873 2.774614675 310
34.863248128 5.210490851 311
35.061400065 2.302556252 312
35.186267401 2.727847098 313
35.18996032 1.629853242 314
35.192594915 2.333597896 315
35.198790795 1.738801272 316
35.221812429 3.465003791 317
35.332153501 2.272841911 318
35.742152943 2.081850056 319
35.749000976 2.489394221 320
36.073815393 1.812320341 321
36.205552635 1.5434742080000001 322
36.213891669 1.651901433 323
36.259534362 4.00156258 324
36.264684958 4.106936634 325
36.305177555 3.345982766 326
36.31220584 2.251121338 327
36.336177965 1.97458199 328
36.344689055 2.383805489 329
36.381761483 3.022032519 330
36.816632837 4.458449123 331
36.822831065 3.663385245 332
36.828924242 4.170171059 333
36.834782162 2.673489104 334
38.2610286 4.40032625 335
38.372166276 3.910324792 336
38.83134234 5.070860659 337
39.136776658 2.471095894 338
39.253457649 3.088694333 339
39.259765134 1.99309215 340
39.26707273 2.701650497 341
39.274522081 2.508747529 342
39.306742929 3.943400048 343
39.315078892 4.252177362 344
39.334043942 2.46811259 345
39.339953191 2.273761011 346
39.345619372 3.581581599 347
39.379108735 3.314622496 348
39.383478327 4.521023085 349
39.387348351 1.9203400030000002 350
39.388905029 3.524704564 351
39.393507935 4.130287143 352
39.408765377 1.741456326 353
39.417158467 2.951900565 354
39.418125153 2.051289681 355
39.420181097 4.457521569 356
39.426070433 3.46175891 357
39.430145872 3.1651751470000002 358
39.851103057 5.088881436 359
39.859034149 2.291891476 360
39.86580845 4.201872494 361
39.872204599 4.709161936 362
39.931107164 4.36748231 363
39.937066097 2.770579193 364
39.946412324 3.581356085 365
39.952472307 4.488921198 366
40.035749632 3.0697203220000002 367
40.2480174 1.578825149 368
40.464480948 2.496681583 369
40.67722333 2.108196084 370
40.885636945 2.517062909 371
40.891008814 2.7227477589999998 372
41.249254914 2.179282321 373
41.362347687 1.591244927 374
41.446851049 1.775911355 375
41.660174724 2.6904332970000002 376
41.902552864 3.133106894 377
41.909704142 2.338921875 378
42.249234469 2.378013685 379
42.307813287 2.336401005 380
42.382496475 3.11219902 381
42.390365946 3.921639773 382
42.415933944 4.648505951 383
42.416007301 2.143962703 384
42.421574423 1.8489328980000002 385
42.421644805 2.049356714 386
42.422769942 2.952061818 387
42.471536076 4.603908554 388
42.480242332 1.7072246309999999 389
42.511150999 3.341003449 390
42.964383067 2.792494153 391
43.19731294 1.7228279290000001 392
43.314496698 4.444952588 393
43.376918837 2.303242171 394
43.401048558 1.726022862 395
43.405777612 2.131686775 396
43.440178077 2.065853871 397
43.449653432 3.377992812 398
43.482614081 2.308753603 399
43.491502723 5.223057613 400
43.492325261 2.518840409 401
43.510676533 3.038260887 402
43.52250926 4.152073367 403
43.531186526 5.463054778 404
43.799129609 2.925880303 405
43.806391567 3.133530405 406
43.994899749 2.420177576 407
44.001878477 2.226773519 408
44.239329748 1.662718897 409
44.310284091 1.9339678070000001 410
44.349536255 1.572478913 411
44.36997862 2.093894897 412
44.478226414 2.302335426 413
44.541049314 2.66571849 414
44.755713862 2.078848762 415
45.040421311 2.964757107 416
45.048697475 2.572208439 417
45.379188551 3.403612283 418
46.270496405 2.691951725 419
46.376838387 3.399202401 420
46.404156647 1.62345717 421
46.410199799 1.829933176 422
46.435592069 2.256122587 423
46.455808318 2.5768080060000003 424
46.46158224 3.283608981 425
46.465998491 3.187913212 426
46.506062863 3.62875803 427
46.516146696 3.037824764 428
46.527190974 2.447855231 429
46.560626242 2.8819590980000003 430
46.566775489 2.187001164 431
46.590156379 2.110111037 432
47.067498141 2.787906498 433
47.074282114 3.295456628 434
47.224016777 3.244852182 435
47.491463695 2.610538706 436
47.649424139 2.96895545 437
47.786806142 4.709027055 438
47.796377538 4.418223432 439
48.319661404 2.5372496780000002 440
48.414739162000004 2.832577008 441
48.457880428 3.476768197 442
48.540478875 2.6578830890000003 443
48.568562327 3.387018458 444
49.124546114 3.742681433 445
49.132955813 3.6509159589999998 446
50.728155403 5.44641534 447
50.867675325 5.786374277 448
51.479071493 5.796778446 449
52.486444974 5.802387869 450
52.488216898 5.70383808 451
52.606226202 3.918113764 452
52.611449118 1.919237232 453
52.617390306 2.526427447 454
52.619733228 5.234247122 455
52.622095418 2.631391228 456
52.62675223 3.337361205 457
52.635998732 5.450999677 458
52.644143452 6.460941074 459
52.648298997 3.5593281279999998 460
52.653571889 4.466445228 461
52.674651418 3.285092947 462
52.678362181 4.791571369 463
52.683513681 4.195886324 464
52.70201843 5.416773993 465
52.709345975 5.023045057 466
52.752395785 3.964037822 467
52.75628271 2.965992095 468
52.774256557 3.785478464 469
52.915201271 3.7260043620000003 470
52.925055299 6.341083511 471
52.952784541 2.461017884 472
52.956475286 3.466770314 473
52.960672671 4.673436682 474
52.966378932 2.6750352580000003 475
52.995852465 5.510045428 476
52.997723482 2.20536267 477
53.002865099 2.811716299 478
53.008087159 6.92505011 479
53.008983136 5.924143525 480
53.015302405 4.126717057 481
53.036527098 5.249946471 482
53.041896439 3.151442103 483
53.495469614 2.202255106 484
53.514295869 2.321250267 485
53.529434263 5.943370513 486
53.617548434 1.7231068999999999 487
53.635681533 2.041820436 488
53.635986270000004 2.543088676 489
53.669292632 3.979181699 490
53.673620009 7.69078698 491
53.703260384000004 5.616215284 492
53.709235769 3.117231751 493
53.735793079 6.75102616 494
53.739889613 5.152117414 495
53.762260654 1.7675468790000002 496
53.77042449 5.383028318 497
53.776465708 4.18653405 498
53.811148158 2.016991527 499
54.209188281 3.216380095 500
54.53965679 2.044058341 501
54.557172972000004 2.462197306 502
54.615746092 2.2203166850000002 503
54.644510757 2.048689369 504
54.672017513 1.775656138 505
54.738551877 2.443249945 506
54.741044017 1.744374662 507
54.758428194 1.962136823 508
54.807332645 3.313687688 509
54.951231143 2.756096347 510
54.981529727 8.097013905 511
54.990753569 8.707333138 512
54.997863714 8.514116053 513
55.004243296 8.620698735 514
55.011017301 4.118420848 515
55.018858081 4.627317374 516
55.025935188 3.632530442 517
55.034006597 7.047140545 518
55.041224962 3.34719025 519
55.902073676 3.205997624 520
56.664143478 1.964167453 521
56.672627929 2.674112528 522
56.707376668 2.107539849 523
56.836875407 3.139115507 524
56.840615946 3.242972586 525
56.872293733 2.974020991 526
57.016654071 2.817576386 527
57.027778372 1.927077007 528
57.684499221 2.383359882 529
57.6911905 4.39403769 530
57.698519302 1.696207447 531
57.779140327 1.977116158 532
57.93476763 2.333088296 533
58.082658901 1.980160444 534
58.697275003 1.8938637800000002 535
58.792345886 1.6885024610000001 536
58.806267049 1.9027275600000002 537
58.936685294 1.732766661 538
58.938214415 5.140237259 539
58.943656687 5.746670283 540
58.955218588 1.951569326 541
58.968105304 3.767170071 542
58.972340459 3.470867354 543
58.978741871 5.481242048 544
59.719913089 6.322617164 545
59.750622787 4.750159208 546
59.795754697 1.5899093579999999 547
59.81870817 2.414470696 548
59.871386285 3.56864739 549
59.876726216 4.976409077 550
59.941156071 2.035894248 551
59.968418448 2.163374631 552
60.117078291 2.111554281 553
60.319322009 3.616057134 554
60.324581419 2.719980906 555
60.32942287 6.030079052 556
60.33388544 4.932550699 557
60.348422024 6.249646218 558
60.355933201 4.153291678 559
60.364522137 4.462328037 560
60.372104166 5.872438886 561
60.380161146 2.675390738 562
60.386740817 3.883668058 563
60.497359047 3.894175341 564
60.503097035 7.40624438 565
60.510358283 4.808467685 566
60.51544417 3.011026607 567
60.522109149 4.119169738 568
60.527108971 6.127591449 569
60.534748642 5.734530795 570
60.74627858 2.640551939 571
60.753032734 3.448959184 572
62.79493579 4.28843787 573
62.81968981 3.6116531419999998 574
62.862277264 1.750597868 575
62.877682763 2.166865318 576
62.962450153 4.055270844 577
62.967261913 3.358363482 578
62.974036019 2.162992562 579
63.013108048 3.604590697 580
63.016901919 2.90714212 581
63.024625108 4.718607181 582
63.027007959 2.5166138140000003 583
63.047273233 4.440598089 584
63.057572951 2.8477235160000003 585
63.068706847 3.559954227 586
63.209080892 3.299741356 587
63.215268177 4.808980517 588
63.219998438 2.909937966 589
63.426767237 4.318964096 590
63.432578175 3.422998043 591
63.439413646 2.227498655 592
63.44469235 4.6376541410000005 593
63.450482313 4.142200577 594
63.783957213 4.074901667 595
63.791250665 2.87998252 596
63.798419999000004 5.091563067 597
63.80613206 2.794679521 598
63.865951106 2.253107008 599
64.001524489 2.288462503 600
64.793712207 2.980412009 601
64.87016256 1.654274451 602
65.059055821 2.444087078 603
65.207394688 3.293875531 604
65.216233924 3.803947673 605
65.247974186 4.637367255 606
65.257686347 6.250151493 607
65.294882874 4.884639664 608
65.301148266 5.491912878 609
65.807072246 2.791494709 610
65.81534444 2.499297964 611
65.862758066 2.747034712 612
66.062444794 2.4458280390000002 613
66.214407216 2.698002239 614
66.341148017 4.828635456 615
66.343593107 2.326395181 616
66.350739262 2.032982498 617
66.356098856 5.043961465 618
66.845606658 2.928523455 619
66.890527562 4.175328214 620
66.901250314 4.386514863 621
66.917398489 2.80005514 622
67.034030251 4.619382466 623
67.041877515 4.727419354 624
67.054327546 4.840122244 625
67.060764249 4.946782055 626
67.075791215 2.858215746 627
67.086318997 3.670122641 628
67.131221069 3.314255761 629
67.380419526 4.465008588 630
67.385857995 4.570577145 631
67.392671863 5.378913535 632
67.398997883 3.682235463 633
67.895115314 2.575117954 634
67.915272195 1.994292249 635
67.923553928 2.7038009880000002 636
67.941779527 1.820317787 637
68.060532272 1.838861519 638
68.069047327 3.250067309 639
68.076238397 1.754339019 640
68.090793693 2.670626122 641
68.098429968 3.479878767 642
68.21467278 3.295505078 643
68.217539968 3.198192821 644
68.229830461 3.511047734 645
68.285185323 2.664734491 646
68.289739849 3.170211404 647
68.291581502 2.270362644 648
68.29503735 3.776746343 649
68.296975587 2.57633528 650
68.964275886 2.441941095 651
69.01997828 1.596322454 652
69.110102177 2.487539102 653
69.137432696 2.114324297 654
69.153720101 2.330847104 655
69.309729338 2.38671181 656
69.924038335 5.506034253 657
69.930626328 3.508503842 658
69.938233315 4.117487416 659
69.946029144 2.7226176 660
69.947280142 1.722127547 661
69.967466661 2.443628274 662
70.051439565 4.53113205 663
70.133852251 2.509915456 664
70.179955174 2.255465098 665
70.188568503 2.464449494 666
70.941913293 3.117573863 667
70.943684966 1.817050851 668
70.968457212 2.142378491 669
70.976199416 2.65095025 670
70.987564097 1.961109307 671
71.139042687 3.815518571 672
71.145002294 2.6194872240000002 673
71.165064934 3.140425424 674
71.173092535 4.049861382 675
71.342128461 3.2171883230000002 676
71.349417625 2.723696733 677
71.353370628 4.630626874 678
71.953830902 2.326429318 679
71.977469036 2.750738219 680
72.011356617 2.48423223 681
72.035735379 1.707119298 682
72.051664512 2.624748158 683
72.101318788 2.373724501 684
72.144478811 2.316724761 685
72.148116675 2.019909188 686
72.166087955 3.23987032 687
72.213474542 3.487613348 688
72.326164946 2.097838907 689
72.332526256 3.907185529 690
72.440089459 3.113274608 691
74.055148535 3.626446178 692
74.056646338 4.128716491 693
74.26809607 4.240002702 694
75.053432564 1.619276039 695
75.144132599 2.210916505 696
75.167722681 2.935655959 697
75.173023092 2.840797335 698
75.201122022 2.368104631 699
75.211316758 4.28153858 700
75.236561448 2.503763153 701
75.241812023 3.109949069 702
75.244313224 2.210855513 703
75.247619435 4.41814938 704
75.281113707 4.151014751 705
75.286062474 2.052266999 706
75.292430327 3.962054461 707
75.414488329 2.781791534 708
75.421373934 2.287732707 709
75.677068078 2.343135908 710
75.682739515 5.153868159 711
76.075659573 4.645072696 712
76.085407266 5.456311294 713
76.32814227 4.697242823 714
76.335963737 5.105741374 715
77.074052783 1.6349616359999999 716
77.083186592 2.044788912 717
77.186404749 3.151080726 718
77.191285291 2.755073749 719
77.197531361 1.958779403 720
77.222596144 2.686225179 721
77.231850063 2.393837715 722
77.372275069 3.236701112 723
77.377560483 3.041499429 724
78.085789598 2.947171289 725
78.126120858 2.787229159 726
78.183447833 1.842720222 727
78.234807558 5.802420698 728
78.241601172 6.310090658 729
78.267988085 6.737185024 730
78.274018152 4.539344507 731
78.287008515 6.25534487 732
78.29442358 6.563394109 733
78.306877057 4.672336411 734
78.31374159800001 6.482530358 735
78.340642967 2.100145443 736
78.347612113 7.61844035 737
78.705284431 7.675301947 738
78.709676134 6.177154867 739
78.714700977 2.874881704 740
78.719460293 5.185155377 741
78.724419119 4.889501765 742
78.729182784 2.789196987 743
79.275823601 4.639269613 744
79.444277655 3.7047640680000002 745
79.451335686 5.516248798 746
79.5621903 5.326400199 747
80.148750308 4.108553745 748
80.157077756 5.218793566 749
80.177135805 4.537729293 750
80.268635831 3.727585199 751
80.328193325 3.887232439 752
80.487179136 4.9478644890000005 753
80.495518923 5.7576694 754
80.504202828 4.363861419 755
81.169214178 4.227373324 756
81.177964886 1.831243976 757
81.291688855 1.7444422880000001 758
81.314638991 4.272597126 759
81.319697422 2.273772414 760
81.325092517 4.082716649 761
81.330510551 1.68291005 762
81.335500629 4.193317476 763
81.340270314 2.093904355 764
81.352717974 1.9056747930000002 765
81.357428746 4.515749947 766
81.359296894 3.015038187 767
81.372913072 4.030424218 768
81.388734213 3.1446833 769
81.396207142 3.352417126 770
81.730531235 4.287710531 771
81.738301188 2.892776036 772
81.745911537 4.20293621 773
82.190840378 4.2472168 774
82.220066463 4.576860846 775
82.242971967 2.194680541 776
82.281061517 4.437653057 777
82.315687124 2.067027268 778
82.349280076 3.603987559 779
82.354725939 4.611421165 780
82.389761569 2.441613528 781
82.393815976 3.448084786 782
82.394749222 2.546718063 783
82.423230856 5.681797528 784
82.538417031 4.093951326 785
82.544863879 4.000107936 786
82.552249969 3.406026227 787
82.635897255 2.888114807 788
82.774846642 4.129759011 789
82.774926535 2.125405411 790
82.778687899 6.13741104 791
82.782641819 4.638682078 792
82.787518711 2.338473617 793
83.200565575 1.749652787 794
83.269218251 2.519542116 795
83.337458835 2.487587082 796
83.342068036 2.091513835 797
83.423990545 3.275514277 798
83.433101361 2.382871166 799
84.475181755 3.925916217 800
84.482017737 4.13314827 801
84.491424248 2.840097824 802
85.260036954 4.310013302 803
85.351366258 4.200933461 804
85.376702382 3.825609212 805
85.402926154 4.052239455 806
86.274098626 1.617250038 807
86.286073962 2.230057694 808
86.288303419 1.931835747 809
86.35732214 4.004658091 810
86.394343234 3.2401990720000002 811
86.424541998 3.37069669 812
86.431400435 3.577918674 813
86.441806373 1.985254462 814
86.450150109 2.293948786 815
86.454763629 2.198446593 816
86.458105329 4.606262727 817
86.459079804 4.507056297 818
86.483540272 2.627880729 819
86.48949405 3.736218644 820
86.491066592 3.837955244 821
86.714510844 3.760905357 822
86.719051701 3.364495815 823
86.722974529 3.168065995 824
86.86032001 3.606021214 825
86.869097679 3.113644737 826
86.876148989 5.124546173 827
86.88388202 4.63137334 828
87.259600767 1.700984858 829
87.294978641 2.037067475 830
87.34296668 1.984824031 831
87.395460626 1.937087568 832
87.452410777 2.394769145 833
87.477227973 2.319508472 834
87.623782946 2.866769295 835
87.631533685 5.0784991250000004 836
87.639657104 4.184923045 837
87.646365751 3.690521555 838
87.656262913 5.604094585 839
88.438965573 4.783737931 840
88.445417272 5.992574391 841
88.450799697 6.298469636 842
88.455803312 2.796949967 843
88.562259285 4.005521838 844
88.601513819 3.6441811 845
88.60818978 3.75108585 846
89.288068028 1.925772784 847
89.48502192 3.224835024 848
89.493951835 2.632628219 849
90.38447605 4.224575072 850
90.443113377 4.483663856 851
90.483676107 4.023082087 852
90.531790911 3.269683252 853
90.534473492 3.47271424 854
90.736565424 3.1739575540000002 855
90.73960611 4.980620115 856
90.802589489 4.041554731 857
90.808955307 3.847411951 858
91.334542633 4.773805917 859
91.379250339 3.916777364 860
91.389941404 2.825642427 861
91.461716088 1.8960145160000001 862
91.480196348 3.616924806 863
91.485545233 2.7209212000000003 864
91.496930428 2.031372233 865
91.501622255 3.037448677 866
91.503273291 3.239371362 867
91.536389886 3.773321777 868
91.536813192 5.677597466 869
91.54055691 2.575611583 870
91.543791476 2.378656383 871
91.544423221 3.380635783 872
91.56035034 3.496761673 873
91.563823708 3.199813631 874
91.572022959 5.211622007 875
91.57420342099999 5.514526592 876
91.583452452 2.718715393 877
91.646995523 4.485096512 878
91.655059467 4.994191901 879
91.660609658 3.997723591 880
91.819070617 2.5538081679999998 881
91.827582557 2.161731893 882
91.829660274 2.76460945 883
91.835123974 3.8717549890000003 884
92.341448341 1.974361182 885
92.386436342 1.7187075790000002 886
92.484372713 1.7164081900000001 887
92.502018647 2.435521104 888
92.538202751 1.970751307 889
92.543525629 2.276626302 890
92.54701379 2.580706273 891
92.55946571 1.6912856170000001 892
92.616450655 2.449779175 893
92.635901968 2.168660622 894
92.685355199 3.319894612 895
92.693337136 4.028852713 896
92.700104328 2.934032719 897
94.410104615 2.139321018 898
94.475764079 2.405240361 899
94.479438673 2.509073239 900
94.573804945 2.9042573640000002 901
94.592904034 2.722775093 902
94.632296084 4.76612613 903
94.638507636 3.570020364 904
94.645638623 3.67724355 905
94.648465134 3.079042691 906
94.652872309 2.4822531850000003 907
94.65441358 3.18513714 908
94.759802727 3.490866166 909
94.764958789 2.995133172 910
94.809021677 2.235335525 911
94.818508692 2.144684476 912
95.568400841 1.892411278 913
95.610997373 2.636510782 914
95.668395449 1.792117002 915
95.776513097 2.601638077 916
95.821023389 4.451865209 917
95.826280733 3.05222244 918
95.826654446 2.952462005 919
95.833040623 3.359470082 920
95.834205932 2.258368407 921
95.840138024 2.765474153 922
96.080657299 3.707216589 923
96.088726597 4.919997941 924
96.425073312 2.6490123690000003 925
96.485661401 3.21045545 926
96.590429054 3.214998144 927
97.446755081 1.466442957 928
97.481130519 2.802963938 929
97.545987635 3.068279043 930
97.614270119 3.036340366 931
97.652898791 3.275413347 932
97.656405833 2.677539849 933
97.65905261 2.479728759 934
97.699433804 2.019504685 935
97.70523873 1.825074522 936
97.71605822 4.240384602 937
97.825419661 3.047035176 938
97.831899531 2.752814053 939
97.960801515 2.180779034 940
98.248590297 4.171890659 941
98.253536843 3.37499449 942
98.457091831 2.977391107 943
98.518991057 1.93762073 944
98.677407539 4.400204647 945
98.683242098 4.706789723 946
98.689618208 3.410218068 947
98.716820476 3.137002949 948
98.888744196 4.711781481 949
98.897469166 2.616666474 950
98.927697455 3.548101543 951
99.211234357 2.830213982 952
99.217459459 2.235343896 953
99.526988094 2.845389319 954
99.53406756 2.752258971 955
99.669028029 3.588570991 956
99.674750892 3.19350304 957
100.608572381 4.42799591 958
100.691086025 3.8091767670000003 959
101.646767051 3.262145702 960
101.710541535 2.424057644 961
101.765071623 3.079782592 962
101.81224155 1.824536214 963
101.817103571 4.634372191 964
101.82382308 2.136663012 965
101.856213263 2.269188283 966
101.878909482 2.792931916 967
101.884089827 2.998511434 968
101.908496494 4.425326994 969
101.942639907 4.259131405 970
101.952458852 3.367356955 971
101.983284863 3.498436304 972
101.993039143 2.105519898 973
102.516247617 3.530530775 974
102.557316585 4.473106479 975
102.689544654 3.202674309 976
102.695702551 2.9083891900000003 977
102.722270482 4.938647425 978
102.723072213 3.536868283 979
102.728221671 5.144889823 980
102.729145958 2.641128994 981
102.729830313 4.845966229 982
102.736430292 4.552091911 983
102.738005777 4.45354246 984
102.743908358 5.461057717 985
102.752411703 2.063366409 986
102.820316721 1.730503606 987
102.820956725 2.332377394 988
102.845825779 4.8617605170000004 989
102.988429403 2.700231925 990
103.189049864 6.106651199 991
103.194556312 3.80788853 992
103.200479546 4.415032199 993
103.292767207 2.303163723 994
103.299775399 5.916803371 995
104.596785063 4.208391633 996
104.766648842 4.578578135 997
104.769325695 4.180526073 998
104.77611459 3.886730861 999
105.841291787 4.450955359 1000
106.019874789 2.926445081 1001
106.030382901 3.738356503 1002
106.059709149 3.967990084 1003
106.253314576 4.06144006 1004
106.258896448 4.367545345 1005
106.265210022 4.975057993 1006
106.359754628 2.665323634 1007
106.366059522 4.374466083 1008
106.55236082 5.763214233 1009
106.679038839 4.086443558 1010
106.724708706 3.831595897 1011
106.732325838 3.7390499520000002 1012
106.76026144 2.664900317 1013
106.761979282 4.970769551 1014
106.766477717 3.272353519 1015
106.766879872 3.5733086050000002 1016
106.774606379 3.180337127 1017
106.781257247 4.288859575 1018
107.074985256 3.079879929 1019
107.083557725 5.492782861 1020
107.090624247 3.195767739 1021
107.731516451 5.339343686 1022
107.799269186 6.609346653 1023
107.891791239 4.598130746 1024
107.899614244 6.409056546 1025
107.927211137 6.236175157 1026
107.931307999 5.238498467 1027
107.971199568 4.577362921 1028
107.975458575 5.182520809 1029
108.000134238 4.2054960470000005 1030
108.898451241 2.098444234 1031
109.078028164 3.680230915 1032
109.088094 3.990779003 1033
109.601074668 2.901232044 1034
109.718087409 3.118415515 1035
109.777495046 4.179269752 1036
109.78310257 3.684194944 1037
109.854608919 3.355054861 1038
109.910238067 5.113411183 1039
109.96864765 2.166726037 1040
110.027463679 4.829985622 1041
110.030868514 3.831824868 1042
110.03933964 3.139090349 1043
110.057736025 3.758572141 1044
110.063925142 5.46748686 1045
110.083702633 4.786030837 1046
110.090312194 5.794595483 1047
110.112143689 4.313594795 1048
110.124057343 4.225391147 1049
110.131089279 5.634892781 1050
110.137857088 3.037244423 1051
110.15101016 5.755038587 1052
110.16167535700001 5.465099802 1053
110.1652352 1.9626356230000002 1054
110.192749536 2.190615221 1055
110.610666658 3.309635161 1056
110.796640494 3.094860234 1057
110.796760442 2.694400149 1058
110.868211935 3.467065921 1059
110.887502067 4.488179594 1060
110.893252325 4.894453352 1061
110.898964461 6.001992987 1062
110.904821929 5.907631362 1063
110.907433504 3.70657619 1064
111.040614952 3.539274745 1065
111.051051112 3.449501699 1066
111.285760528 4.285364528 1067
111.292049237 7.096497776 1068
111.297493226 3.395463165 1069
111.410368065 5.912378825 1070
111.418992089 5.720584144 1071
111.447788587 2.644193058 1072
111.753230001 3.149942395 1073
111.887175652 3.1836573120000002 1074
111.894045956 2.890023195 1075
112.080694138 3.677672533 1076
112.087152688 2.982858528 1077
112.32317763 2.617792678 1078
112.767451765 2.9618283080000003 1079
113.097347502 3.692568487 1080
113.103076079 3.197335961 1081
113.907731371 4.302519431 1082
114.030926031 3.9247376540000003 1083
114.072179104 5.769462221 1084
114.074762287 4.56978079 1085
114.20546509 5.001016771 1086
114.211771979 4.20580167 1087
114.237134474 5.333337558 1088
114.721031196 3.112060113 1089
114.802894174 4.09559327 1090
114.912419591 3.203114462 1091
114.919012488 5.6143974750000005 1092
114.92004626 4.513219702 1093
114.944196493 2.83414701 1094
114.955133294 4.047554738 1095
115.050048859 2.839804967 1096
115.05853404 3.750140788 1097
115.090096532 3.982175399 1098
115.11700189 3.908845283 1099
115.135901375 4.528706185 1100
115.140439239 4.132648473 1101
115.167656293 4.861067652 1102
115.403908944 4.896892434 1103
115.41019427 3.901457355 1104
115.521931975 3.111193423 1105
115.528318072 3.718774878 1106
115.556878822 4.749489714 1107
115.701353688 2.6895494859999998 1108
115.884884097 3.073391553 1109
115.922154612 5.715756439 1110
115.952386044 3.241133181 1111
115.963940973 3.052373066 1112
116.012741145 2.8004604950000003 1113
116.105708842 4.196003745 1114
116.117223977 3.506115262 1115
116.148574651 4.74000385 1116
116.158719141 4.148876568 1117
116.190212815 7.687108767 1118
116.192421277 3.8819495870000003 1119
116.200439552 3.689551356 1120
116.235525961 3.123388272 1121
116.392537056 2.278489607 1122
116.397746469 2.383917514 1123
116.845890355 2.932307459 1124
116.983580417 2.76930245 1125
116.986984774 3.674539825 1126
116.995045193 3.281926577 1127
117.025088534 3.512339255 1128
117.176625011 3.7641089670000003 1129
117.183644779 3.570745821 1130
117.204863961 2.890394518 1131
117.236401308 3.4230757990000003 1132
117.725726931 2.910194151 1133
117.952224555 3.537520466 1134
118.008298248 3.092597834 1135
118.130548276 3.615586562 1136
118.139121939 2.922934518 1137
118.649368197 2.631611069 1138
118.838693863 3.422098837 1139
118.849459362 3.232461329 1140
118.958210397 3.140689737 1141
118.990204192 3.072548286 1142
119.00968636 3.292388506 1143
119.054528363 4.339300822 1144
119.310661853 2.9924683940000003 1145
119.315682788 4.700547614 1146
119.595608706 4.579695095 1147
119.603813997 3.485936659 1148
119.609181228 4.493164791 1149
119.613925706 4.097169086 1150
119.619556362 4.303138989 1151
120.796614733 4.578563259 1152
120.970123748 3.249157195 1153
121.071589648 2.648885956 1154
121.152011636 3.932169409 1155
121.253960591 3.332472071 1156
121.26056142 3.038357107 1157
121.288609622 2.966151548 1158
121.456884572 4.737882442 1159
121.484058464 3.66287631 1160
121.489994113 3.869282192 1161
121.494267438 5.07588602 1162
121.502335436 4.683192884 1163
121.507791653 4.888950239 1164
121.640217324 4.520600578 1165
121.828419888 4.408109987 1166
121.838840949 4.518731294 1167
121.871062308 4.951705224 1168
121.99192186 2.567427273 1169
122.072913552 2.748554916 1170
122.254989135 3.7322037210000003 1171
122.543757734 3.319594907 1172
122.637163051 3.81373519 1173
122.819965936 3.8963018810000003 1174
122.829026015 4.206049434 1175
123.034253799 3.910214065 1176
123.073621982 6.054142811 1177
123.079911551 5.559477857 1178
123.088541552 4.064648973 1179
123.273098454 5.251381901 1180
123.581840318 7.063216247 1181
123.586061081 5.464142661 1182
123.597685025 4.8744974150000004 1183
124.376923016 4.351425893 1184
124.381081878 4.856413677 1185
124.691241575 3.563698532 1186
124.884701432 4.258008119 1187
125.093912789 5.168615104 1188
125.517324542 5.291500444 1189
125.525323779 4.197537186 1190
125.533703996 5.107320705 1191
125.54007385 4.512751404 1192
125.605391546 4.778374004 1193
125.609982254 3.781328656 1194
125.685074271 4.156941725 1195
125.70728498 4.479611101 1196
125.713672952 5.387594362 1197
125.878779649 3.449095081 1198
125.91833606 4.991226777 1199
126.061935859 4.032825689 1200
126.123981495 3.794542797 1201
126.242827909 5.515968348 1202
126.251935692 4.623683039 1203
126.274990335 6.650153962 1204
126.281641492 5.755120511 1205
126.285125974 6.459980533 1206
126.292882995 4.864983124 1207
126.371721706 4.442844726 1208
126.523640355 4.795143938 1209
126.529264273 4.400046266 1210
126.536344586 4.006539087 1211
126.985176333 4.054724581 1212
127.09192027 3.560302558 1213
127.277786804 4.547573881 1214
127.415355794 3.482956804 1215
127.421115361 3.78923059 1216
127.425011013 3.692992747 1217
127.434690364 4.6043236929999996 1218
127.441260324 3.208224882 1219
127.617870706 3.184468178 1220
127.62230716 4.992252361 1221
127.721485168 3.388253443 1222
128.190621757 4.959623513 1223
128.368047128 4.936621655 1224
128.373225926 4.240436153 1225
128.378554654 3.845023991 1226
128.411073784 3.376667835 1227
128.663190966 3.528589475 1228
128.668438376 3.834470053 1229
128.794036594 4.160334729 1230
128.945350335 3.7105529500000003 1231
128.987576456 5.656415186 1232
128.99662447 5.865774629 1233
129.028480979 4.995885602 1234
129.034693649 5.202422779 1235
129.121478434 4.187270959 1236
129.177004874 4.443120182 1237
129.21551759 3.780331551 1238
129.311430959 6.280794973 1239
129.315907778 3.780557506 1240
129.534141533 9.408468752 1241
129.538447567 7.309140012 1242
129.543843379 4.208883706 1243
129.548768962 9.82378171 1244
131.234606239 4.797778683 1245
131.315108922 5.579421342 1246
131.350524478 3.009725166 1247
131.426697152 3.386530176 1248
131.434667025 4.09589397 1249
131.460336589 2.919256275 1250
131.498168093 3.35777726 1251
131.505386245 5.469317992 1252
131.532869889 3.091848813 1253
131.538276502 5.7024626220000005 1254
131.547201971 3.306585623 1255
131.580290365 2.939080842 1256
131.591150612 3.951854069 1257
131.591247503 4.953996904 1258
131.606210404 3.666256454 1259
131.821589969 4.382587584 1260
131.827535092 5.8916048750000005 1261
132.11588823 5.3784033220000005 1262
132.122820403 4.58368587 1263
132.793478716 3.951783129 1264
132.800232434 5.66177757 1265
132.80543344 6.468834261 1266
132.813400102 4.973795495 1267
132.821310365 6.685125616 1268
132.828176548 5.789887536 1269
133.089815008 3.847329209 1270
133.2789223 3.836027398 1271
133.284915637 7.649363837 1272
133.309484446 6.070847966 1273
133.316658989 6.779588086 1274
133.334793757 4.593369542 1275
133.342438897 6.504561403 1276
133.347992195 4.205624993 1277
133.363855032 3.82079045 1278
133.734139008 4.090919433 1279
133.77461327 4.431910252 1280
133.780148794 4.738013241 1281
134.067029491 3.522206375 1282
134.26115132 3.215358095 1283
134.267757524 3.422330953 1284
134.270521426 3.024292916 1285
134.472756209 4.629199938 1286
134.478022439 4.333829073 1287
134.775059937 3.428732159 1288
134.785341531 4.040115697 1289
134.792009904 4.848205065 1290
134.800479974 3.354010008 1291
134.941389296 5.999470747 1292
135.125587285 3.979513472 1293
135.131087933 4.786560277 1294
135.136095862 4.491026237 1295
135.138827517 8.200719312 1296
135.148558274 4.202943867 1297
135.179791285 7.440324829 1298
135.188871524 4.744256165 1299
135.221474671 8.9850442 1300
135.230216922 5.186190282 1301
135.26131419 5.016921392 1302
135.35901056 3.712220897 1303
135.550361384 5.806931159 1304
135.773032156 3.525229588 1305
135.934266234 4.18732579 1306
136.289753966 4.442680832 1307
136.373049925 4.025123479 1308
136.45895915 4.912328155 1309
136.545843078 3.897420124 1310
136.561814885 4.113727337 1311
136.644536873 4.697280496 1312
136.805375508 4.257132689 1313
136.812158041 4.66451101 1314
136.818451963 4.770994597 1315
136.996013378 4.247433584 1316
137.075090961 3.926011332 1317
137.200018238 4.251151483 1318
137.266717492 3.51663405 1319
137.33412695 2.782318815 1320
137.409623522 4.560969647 1321
137.48548859 3.434790528 1322
137.601138979 3.450269552 1323
137.632080319 4.382816622 1324
137.672970326 4.123260403 1325
137.679670895 3.228085092 1326
137.684631451 4.23506115 1327
137.684870608 4.335424603 1328
137.690908027 3.339469739 1329
137.815701612 3.564683441 1330
138.033280461 4.183002416 1331
138.237195576 4.58731738 1332
138.434242702 3.581881956 1333
138.638572377 3.085111026 1334
138.944965041 4.9944853380000005 1335
138.950915256 4.2989457380000005 1336
138.958257996 4.206104407 1337
138.965509667 5.916502105 1338
138.980037867 3.82729023 1339
139.186536219 3.733243078 1340
139.839451573 4.887018362 1341
140.065163188 4.712001503 1342
140.07206229 4.418480169 1343
140.449479799 3.593253415 1344
140.45829332 4.403951274 1345
140.630188202 3.373168872 1346
140.636349099 3.17894358 1347
140.642076486 4.286961583 1348
140.66394111 4.509290623 1349
140.674107127 3.918098471 1350
140.676671463 4.121044196 1351
140.696037366 3.53916375 1352
140.866420863 4.912314686 1353
140.872950394 4.618065501 1354
140.874853291 3.317293825 1355
140.881099642 3.824381771 1356
141.154784039 4.699414049 1357
141.204865625 4.549081656 1358
141.401252596 5.647431475 1359
141.40730254 3.649438686 1360
141.436685698 5.582724617 1361
141.44436384 4.087106683 1362
141.455827192 6.202769078 1363
141.472340585 3.413783053 1364
141.657370944 2.8973369140000003 1365
141.780648435 6.727982441 1366
141.784387466 4.827910131 1367
141.977586885 3.518160452 1368
142.159027187 4.000243428 1369
142.358209987 3.798577683 1370
142.473174838 4.5148369 1371
142.493086303 4.133890137 1372
143.068195642 5.410491943 1373
143.273371105 5.014371203 1374
143.287209389 4.6273623950000005 1375
143.727772959 5.869666004 1376
145.564312272 4.500390853 1377
145.620903282 5.358388162 1378
145.763436871 4.599323276 1379
145.771295001 3.605403662 1380
145.837390756 4.472951472 1381
145.841365217 6.480118212 1382
145.848514226 4.884725153 1383
145.886250009 6.024249467 1384
145.962053505 6.500597514 1385
145.968047261 6.90742991 1386
146.541917204 4.676593529 1387
146.557205778 6.194434885 1388
146.748528633 6.085295548 1389
146.787425527 4.4211490300000005 1390
146.792470991 5.928937802 1391
146.798905291 6.836734401 1392
146.941546447 4.675495973 1393
146.949978219 6.186604841 1394
146.983635081 4.917972953 1395
147.079171093 4.412464034 1396
147.084010899 7.522414266 1397
147.088078723 5.423041984 1398
147.09152859 8.231172664 1399
147.096548773 4.229522336 1400
147.590323855 3.7215600540000002 1401
147.626333959 4.158069666 1402
147.824578436 4.456583481 1403
148.27262642 6.307137565 1404
148.395718058 6.93108797 1405
148.40089991 5.834290366 1406
148.406814288 9.14570597 1407
148.411726988 8.74998964 1408
148.416703046 8.654844951 1409
148.476086099 4.807512698 1410
148.483063948 6.717886801 1411
148.510341461 5.342726343 1412
148.515921039 7.952837849 1413
148.544140417 6.077735789 1414
148.54964979 5.782709416 1415
148.57871933 4.810038031 1416
148.583643184 8.120720969 1417
148.668382579 5.099978455 1418
148.803187719 5.735771828 1419
149.147572881 6.180398097 1420
149.273906443 4.803913787 1421
149.279310939 4.609020683 1422
149.284645143 3.512367515 1423
149.290039499 3.718067864 1424
149.361597904 4.090185291 1425
149.368162736 4.297123378 1426
149.500902065 5.131116655 1427
149.506411491 3.83427919 1428
149.598113526 5.428704112 1429
149.638045789 4.867543643 1430
149.789415724 5.720217914 1431
149.795552981 5.225353793 1432
149.823020944 4.9523476120000005 1433
149.830909302 5.561317123 1434
149.838191554 4.667002003 1435
150.016806207 10.855825952 1436
150.023319439 8.458551363 1437
150.030288723 4.05763809 1438
150.038190588 8.773945368 1439
150.045043878 9.882711248 1440
150.052881972 11.092407406 1441
150.05867924 9.996435159 1442
150.065026849 6.797242358 1443
150.073339912 4.200879965 1444
150.080187057 4.708642456 1445
150.086859621 6.117883132 1446
150.153431548 5.182537389 1447
152.360176757 5.485932986 1448
152.451974911 5.076809935 1449
152.566674686 4.189941111 1450
152.679157017 4.502724603 1451
152.728657327 4.852794391 1452
152.818407798 4.24139043 1453
152.824390706 5.549404513 1454
152.869257898 6.796393045 1455
152.876030157 5.200474637 1456
152.932663193 6.659471607 1457
152.935578696 6.562043822 1458
152.941828397 5.166067545 1459
153.023480958 6.349485712 1460
153.028573824 6.454674137 1461
153.050644968 4.774105719 1462
153.117524805 6.043004162 1463
153.122720024 5.54726598 1464
153.131315435 6.958302207 1465
153.144312569 4.166650843 1466
153.612005395 6.637603211 1467
153.698724855 3.218336937 1468
153.816200857 5.739984849 1469
153.820750338 6.646007774 1470
153.827598781 5.050296613 1471
153.859100109 8.387355507 1472
153.866287434 5.189109137 1473
153.890338785 5.914274205 1474
154.282607489 3.501747553 1475
154.628020675 5.44987173 1476
154.631817705 5.153168645 1477
154.701102728 4.120553355 1478
154.935563904 4.655579365 1479
155.010663895 5.231523193 1480
155.019063216 4.939448943 1481
155.396811767 5.417330167 1482
155.412775022 6.334963968 1483
155.420358761 5.541023975 1484
155.426091562 5.847255186 1485
155.501049625 4.820275148 1486
155.732880601 4.551315024 1487
155.869882339 6.491326162 1488
155.875311906 5.495181902 1489
156.331131658 4.348014612 1490
156.402703081 4.9204304830000005 1491
156.410249376 4.02620869 1492
156.41825884 4.234715008 1493
156.425941284 5.444747692 1494
156.433507923 4.350206659 1495
156.440573282 5.559558223 1496
156.483874096 4.801218358 1497
156.551637976 5.169556969 1498
156.692764313 4.408966943 1499
156.699382897 4.816448558 1500
156.726319859 3.640946095 1501
156.845974636 4.06118165 1502
156.941701804 7.663360111 1503
156.953526323 8.076094349 1504
156.960835605 8.483976957 1505
156.969881522 5.8885385 1506
156.974100777 9.498806636 1507
156.981186494 6.801423044 1508
156.986703285 10.512944676 1509
156.99247226 7.313471948 1510
157.000704689 10.226614678 1511
157.005285653 4.3206731640000005 1512
157.441024751 3.6543700340000003 1513
157.573133312 3.485981618 1514
157.649622126 4.163597091 1515
157.777657156 4.191472211 1516
157.796419309 4.911491544 1517
157.871142751 3.984312085 1518
157.88002997 4.193596158 1519
157.998346177 6.415870496 1520
158.004622687 5.52041132 1521
158.009237495 5.024081273 1522
158.064425279 4.778677288 1523
158.153893289 6.371076214 1524
158.360545147 7.078745434 1525
158.379758373 4.99382712 1526
158.384706628 4.397684881 1527
158.695667562 6.111235016 1528
158.700442743 5.514868684 1529
159.412115469 4.122562914 1530
159.466516598 3.475986096 1531
159.471266134 4.482298928 1532
159.649052818 3.558332819 1533
159.81569138 5.327709969 1534
159.836827094 5.248606173 1535
159.869386695 4.279375058 1536
159.87871484 5.190366867 1537
159.895322384 4.405463581 1538
159.89908867 4.709815811 1539
159.903677991 5.7162989490000005 1540
160.045455683 5.156719043 1541
160.050881052 5.663087048 1542
160.104148971 5.315555066 1543
160.387411489 4.497087828 1544
160.424157954 4.633899534 1545
160.431717681 4.741557514 1546
161.398525065 4.606540163 1547
161.462299921 3.4680534830000003 1548
161.501709965 6.111939758 1549
161.677656195 3.783581986 1550
161.714909809 3.520416762 1551
161.721343046 4.4284288 1552
161.748219311 6.659189864 1553
161.757067088 4.764690856 1554
161.788147802 7.500595474 1555
161.850079216 3.75571016 1556
161.898796307 5.207012906 1557
161.908563481 5.4170773610000005 1558
161.938039256 5.74721591 1559
162.139228303 4.345397358 1560
162.325125804 6.034050899 1561
162.441149832 5.548955068 1562
162.449047933 5.857390952 1563
162.581492968 4.98803735 1564
162.590847143 5.197696438 1565
162.618660652 5.526095604 1566
163.954399084 7.563154901 1567
164.381896813 5.7866706830000005 1568
164.410624429 6.71702304 1569
164.41468614 6.921383465 1570
164.419210951 7.226456117 1571
164.469725742 4.472150352 1572
164.640053143 6.145084502 1573
164.648488044 6.253648206 1574
164.817089885 5.520650256 1575
164.819552123 4.922098528 1576
164.823502991 6.128000126 1577
164.937742335 6.041970851 1578
164.987016963 6.692422023 1579
165.151104859 5.754498966 1580
165.160422174 4.962518686 1581
165.4178728 5.320143094 1582
165.422758197 6.326654962 1583
165.428813146 5.731669041 1584
165.51924417 6.3229862180000005 1585
165.525009208 6.028182181 1586
166.508724482 4.107162963 1587
166.516313951 3.613780056 1588
166.616868581 6.118368215 1589
166.718177165 4.015978962 1590
166.840910521 7.243874757 1591
166.846706301 7.049373737 1592
166.941223371 5.240762516 1593
166.950737892 4.749615248 1594
166.981421083 8.185784463 1595
167.113256498 4.110570374 1596
167.118764207 8.122824526 1597
167.12431472 3.921308162 1598
167.518892528 6.619630653 1599
167.524277375 4.9223036360000005 1600
167.567026089 6.567669424 1601
167.956449499 6.856845311 1602
168.037932215 6.738089078 1603
168.046629417 6.646647842 1604
168.050665227 6.4503616820000005 1605
168.056664718 5.755281264 1606
168.061309165 6.561186773 1607
168.172529849 7.373420052 1608
168.181354912 7.58262096 1609
168.213295696 7.514305264 1610
168.223123272 6.122144484 1611
168.25454167 6.453928673 1612
168.531118793 3.825455377 1613
168.544008541 6.543164645 1614
168.548773873 7.349106001 1615
168.553968166 6.05226506 1616
168.557314855 8.259161213 1617
168.563675433 8.165299027 1618
168.570153507 6.669437184 1619
168.93629032 4.330877795 1620
168.940683655 4.635973045 1621
168.945311911 5.541951588 1622
168.9812386 6.17890341 1623
168.987973283 5.885140155 1624
168.996883264 5.19288339 1625
169.034372957 4.629481312 1626
169.215195204 5.9119520350000005 1627
169.557838774 4.451324776 1628
169.703593001 6.099969801 1629
169.777907748 4.470927939 1630
169.787762744 4.781472344 1631
169.790367689 5.786110502 1632
169.931667772 5.025687099 1633
169.937664159 5.432476622 1634
169.952095291 5.146348631 1635
169.961345346 6.057244494 1636
169.990931234 6.487424471 1637
170.008064165 4.801329505 1638
170.045012749 5.840445187 1639
170.827418437 7.123548128 1640
171.053497527 6.949083953 1641
171.583814172 4.97437775 1642
171.588769062 4.378152618 1643
171.658988552 5.850911303 1644
171.720920492 5.812622287 1645
171.736713005 6.028861843 1646
171.819066372 4.107417285 1647
171.820459918 4.509631496 1648
171.875388504 4.865102675 1649
171.881866143 5.572930797 1650
171.90569384 5.396432465 1651
171.965901526 5.75711104 1652
171.977586582 6.3699663090000005 1653
172.047511946 4.436069959 1654
172.05703315 4.94654712 1655
172.087662736 4.275938507 1656
172.097075464 6.589693277 1657
172.12689669 3.914348682 1658
172.13688044 5.226664114 1659
172.167199004 4.255257603 1660
172.172427375 6.063798923 1661
172.859806994 6.851275692 1662
172.866688204 6.457562698 1663
172.874390099 4.862215222 1664
173.808019304 4.392708574 1665
173.907122729 4.592265233 1666
174.140329564 5.226314325 1667
174.175560442 8.768399069 1668
174.236335388 6.825322998 1669
174.286331996 5.27199045 1670
174.292101672 5.5784673300000005 1671
174.298337475 5.484522838 1672
174.39612977 5.7826245830000005 1673
174.406201835 7.6964569019999995 1674
174.435362723 6.924116596 1675
174.445117903 6.332787163 1676
174.448536094 6.135789243 1677
174.455086377 7.645104386 1678
174.479912466 6.066840288 1679
174.770119475 5.655572903 1680
174.880093991 5.665395313 1681
174.987801704 6.474555181 1682
176.1354175 5.417527177 1683
176.445182514 5.226393906 1684
176.639791549 5.32086019 1685
176.644274305 6.527864697 1686
176.866903737 6.550109002 1687
176.951799612 6.43452594 1688
177.185124863 6.367011103 1689
177.191119786 6.974516739 1690
177.197722154 7.381963022 1691
177.218782951 6.200276214 1692
177.24864213 5.829507912 1693
177.469779258 7.052726289 1694
177.47804642 6.559744649 1695
177.509509449 7.8940877 1696
177.837456517 6.718824007 1697
177.937983585 8.222322375 1698
178.169563011 8.153480882 1699
178.179164543 8.263329423 1700
178.332016544 7.714439238 1701
178.336843804 8.821587925 1702
178.951247004 5.124380581 1703
178.954900267 7.335453801 1704
179.186345364 5.960305587 1705
179.190195466 6.064377417 1706
179.193181861 6.571855789 1707
179.199382006 6.678171305 1708
179.219077227 6.393923798 1709
179.28842602 7.468574034 1710
179.295440114 4.767080128 1711
179.300191002 4.872159812 1712
179.709718696 5.782671401 1713
179.715070668 5.387354719 1714
179.719022409 6.693410952 1715
179.873399912 5.846090972 1716
179.879347541 6.953959266 1717
179.987476643 5.860044979 1718
180.006800906 8.487493899 1719
180.015214923 7.594246693 1720
180.027578769 6.401001849 1721
180.185731301 7.464279382 1722
180.339734113 8.419652384 1723
180.345063271 7.018940946 1724
180.346698814 8.126083029 1725
180.412430411 8.692736318 1726
180.421349204 8.100500584 1727
180.453215297 6.225636496 1728
180.559726562 8.439389342 1729
180.565076588 7.138811264 1730
180.591264048 8.571039042 1731
180.596803776 7.070374141 1732
180.621696735 6.894995519 1733
181.323820688 4.1906482 1734
181.580907549 6.65196047 1735
181.586926405 6.056764482 1736
181.790310586 5.057990796 1737
181.795614787 6.165229296 1738
182.000803411 6.570889342 1739
182.039444594 4.405438446 1740
182.077489993 7.448999332 1741
182.082809878 7.254009858 1742
182.202338342 6.271414764 1743
182.236475178 5.8047524280000005 1744
182.240121864 7.010684115 1745
182.241822873 6.110608978 1746
182.246885794 7.117578044 1747
182.275188881 7.546542397 1748
182.290338268 5.457788915 1749
182.296832841 6.466125301 1750
182.325233806 5.09191327 1751
182.331339538 4.9978477340000005 1752
182.360983387 5.428264997 1753
182.369093105 4.835207275 1754
182.374358388 5.341352007 1755
182.380600877 5.748479778 1756
182.395719454 7.066029976 1757
182.42890231 7.399783607 1758
182.43920643 6.408130163 1759
182.470782581 5.938893402 1760
182.47975421 5.046092652 1761
182.511113472 6.179619635 1762
182.517941268 6.78739809 1763
182.532753837 6.301375739 1764
185.781482844 5.242687388 1765
186.002189051 6.16429402 1766
186.085360081 6.34764355 1767
186.176808432 4.636233332 1768
186.183308603 5.844758948 1769
186.229192644 7.693615887 1770
186.235476591 5.59647167 1771
186.260982312 6.322919177 1772
186.268466973 6.030076293 1773
186.281380001 7.044332535 1774
186.299787932 6.762292392 1775
186.332862621 4.892447876 1776
186.341002451 8.60688768 1777
186.37199607 8.237107243 1778
186.376470766 7.039299699 1779
186.383730395 5.344150432 1780
186.388022735 7.55193458 1781
186.512616247 5.673263644 1782
186.522469527 7.786584238 1783
186.527868929 6.89022597 1784
186.535648179 4.794798235 1785
186.542865668 6.504661851 1786
186.5522041 8.317206946 1787
186.560101719 5.320045929 1788
186.845043743 6.406351234 1789
186.850865596 7.814364494 1790
186.856779042 8.922369929 1791
186.863485193 5.523266148 1792
186.872077221 8.536989449 1793
186.878435722 8.843743265 1794
188.05034127 4.506046536 1795
188.091391859 6.450664359 1796
188.320907323 8.883524557 1797
188.328406589 9.191575409 1798
188.340425119 5.497675125 1799
188.357316069 10.523095857 1800
188.363676595 5.72121791 1801
188.389938041 8.251639947 1802
188.397163825 9.460891231 1803
188.425343685 6.484125005 1804
188.43217724 4.787719804 1805
188.459560826 9.823799971 1806
188.467092548 4.622297148 1807
188.576959291 5.333221527 1808
188.584110947 7.844968863 1809
188.590121271 4.237880207 1810
188.623293158 4.170958216 1811
188.632700596 10.197396038 1812
188.656742917 7.717314136 1813
188.662153703 3.9094910130000002 1814
188.670638664 7.530845361 1815
188.838413899 6.496573358 1816
188.845520032 5.401456658 1817
188.853745234 6.812338399 1818
189.088390183 4.836278992 1819
189.31376428 6.270466693 1820
189.334809485 7.093103225 1821
189.34160241 7.199992683 1822
189.502408084 7.060313348 1823
189.506637541 5.354620961 1824
189.547126405 4.894553779 1825
189.797038041 5.244596013 1826
190.211237469 6.166143466 1827
190.46205695 7.519062771 1828
190.472283863 7.128301077 1829
190.582585809 7.839979861 1830
191.079814888 5.626042862 1831
191.105237534 5.751613495 1832
191.190676222 4.634715378 1833
191.317061884 6.16376445 1834
191.319935757 5.46533017 1835
191.346130444 4.589720125 1836
191.353420567 5.79943402 1837
191.494374323 8.350836951 1838
191.501815747 9.660749612 1839
191.507299962 8.965053595 1840
191.515933195 7.570987404 1841
191.522819888 7.778106831 1842
191.528875445 5.173405605 1843
192.209237813 6.154323967 1844
192.213714068 5.557545627 1845
192.366432718 7.513590607 1846
192.840555162 6.6853081670000005 1847
192.847752474 7.19345797 1848
193.078554895 6.221943954 1849
193.400558876 7.445786458 1850
193.404661263 8.451677632 1851
193.443105009 8.390078467 1852
193.684069807 7.929593962 1853
193.693549251 7.237857758 1854
193.881471875 7.626072006 1855
193.888120414 8.634583635 1856
193.962513858 5.803211941 1857
194.071018464 5.611138471 1858
194.148230654 5.48794126 1859
194.38688861 7.129416217 1860
194.451956611 7.294691451 1861
194.548019134 6.488977373 1862
194.552552362 6.694012625 1863
194.558033644 6.5992225520000005 1864
194.698482384 5.937908231 1865
194.706240862 6.446667178 1866
194.783680615 5.922905167 1867
194.81743221 6.457712308 1868
194.942129406 7.584521498 1869
195.214742874 7.756892573 1870
195.287181052 7.6289420660000005 1871
195.454726412 7.896714439 1872
195.461053726 8.404047578 1873
195.489032063 6.928967817 1874
195.764207574 8.005816364 1875
195.771953473 8.815128777 1876
195.778859902 6.818010118 1877
197.181210756 5.114750225 1878
197.227322714 7.464711171 1879
197.269726123 6.80588957 1880
197.38090638 8.219495452 1881
197.411606459 4.944510371 1882
197.414957239 4.446680019 1883
197.421753109 5.655708816 1884
197.455683797 7.2924331 1885
197.471003479 5.805167452 1886
197.479546611 6.314474819 1887
197.512815891 4.945453504 1888
197.518799306 8.457706245 1889
197.531852148 7.168211297 1890
197.538264956 6.573579817 1891
197.546104728 5.980431617 1892
197.546290069 8.284743914 1893
197.554442474 4.886945817 1894
197.554647229 6.990633878 1895
197.560886391 6.6963687830000005 1896
197.566005254 5.199153293 1897
197.719537039 8.257534032 1898
197.724099513 8.162008416 1899
197.83939001 5.071513413 1900
197.924361166 5.958018541 1901
198.007219068 6.942339554 1902
198.015728172 6.65029581 1903
198.090830763 8.729032676 1904
198.097408057 7.833925279 1905
198.106044537 6.640518135 1906
198.116375182 8.253678738 1907
198.121728458 8.158954567 1908
198.128961335 5.862227499 1909
198.389710866 5.321167591 1910
198.397161221 7.732961623 1911
198.402435599 8.339398805 1912
198.408075115 5.539992 1913
198.54122723 8.878818721 1914
198.787401048 8.023016145 1915
198.794067365 6.627454882 1916
198.983303874 7.718008534 1917
198.989162592 7.122963596 1918
199.619522918 5.048026878 1919
199.869249057 5.598368153 1920
199.874764097 4.802314967 1921
200.365466539 6.29492575 1922
200.374053953 5.401822421 1923
200.524560324 7.155424375 1924
200.529424105 6.959790708 1925
200.568035317 5.896372652 1926
200.597484456 6.727368299 1927
200.650701268 5.778637806 1928
200.659254279 7.390260164 1929
200.686299722 6.716026008 1930
200.845052027 7.075084865 1931
201.211529146 7.040807927 1932
201.309000354 7.639206221 1933
201.710196079 8.541407755 1934
201.716692665 7.245401023 1935
201.723588797 8.254295708 1936
201.72920344 6.957393893 1937
202.532856133 8.161822196 1938
203.368837403 6.593550073 1939
203.419325275 6.744115995 1940
203.428784455 5.651787009 1941
203.479820351 8.006717483 1942
203.535927289 6.359988111 1943
203.614774565 7.540703132 1944
203.622695104 6.346682405 1945
203.624593576 5.64729204 1946
203.674201538 7.499914981 1947
203.67890384 8.105671858000001 1948
203.699207591 7.124303978 1949
203.707199162 5.629715744 1950
203.712028596 8.439250018 1951
203.774417364 8.101035625 1952
203.811706725 6.435552079 1953
203.817409924 5.940252785 1954
203.823426529 7.448713843 1955
204.02437374 8.050513816 1956
204.030596447 8.156878723 1957
204.03800035 6.561552538 1958
204.055493048 6.979808071 1959
204.061200979 6.384459728 1960
204.264453104 7.38905634 1961
204.271242796 6.093557301 1962
204.279070206 9.106408634 1963
204.286041269 7.811225483 1964
204.717227495 8.943694617 1965
204.72468049 9.351701616 1966
204.731712883 8.457200309 1967
205.172622506 8.197033014 1968
205.178288821 7.601699914 1969
206.447492818 7.468235001 1970
206.456644574 7.377156709 1971
206.477182767 7.096954517 1972
206.590248903 8.312413356 1973
206.703266341 7.523521556 1974
206.705412599 7.826345397 1975
206.728008318 8.049262136 1976
206.750721643 6.468791705 1977
206.757657303 6.976783108 1978
206.765448984 5.5820059539999995 1979
206.787867924 6.606121269 1980
207.027936509 6.345358142 1981
207.03589586 7.75590227 1982
207.094062727 6.711996909 1983
207.228711986 6.445942928 1984
207.234717214 6.351790711 1985
207.242076854 8.864004171 1986
207.249255028 8.670741898 1987
207.257112122 6.274034915 1988
207.313866473 7.833431695 1989
207.318633255 7.437450007 1990
207.323752983 6.240530064 1991
207.32778734 7.647033616 1992
207.33301648 7.25136398 1993
207.338135669 8.859845668 1994
207.343552493 6.761146058 1995
207.347783169 7.767105976 1996
207.701089601 7.218819606 1997
207.705705149 8.926868869 1998
207.870816112 7.889272331 1999
209.497045386 7.311703821 2000
209.542065711 8.05800264 2001
209.708206012 6.120313565 2002
209.752113827 7.867316349 2003
209.758395638 7.673199219 2004
209.783692314 8.399787018 2005
209.787775574 6.500447584 2006
209.78843917 6.100439313 2007
209.804758152 4.914556665 2008
209.809853699 5.720807888 2009
209.814386256 8.530697387 2010
209.820579039 5.230731276 2011
209.826822019 7.441214362 2012
209.968142355 7.983131115 2013
209.976462306 5.286499867 2014
210.008426855 6.019628509 2015
210.017921128 7.532158488 2016
210.048793153 6.861659128 2017
210.059087962 6.170575778 2018
210.085129215 6.296967993 2019
210.086223632 5.796730554 2020
210.089376342 5.900068735 2021
210.092035416 8.307471146 2022
210.108914316 7.222259724 2023
210.114576882 8.430139123 2024
210.140674577 8.556456527 2025
210.146570234 7.560583305 2026
210.170884624 6.783362645 2027
210.27461187 7.588364396 2028
210.280007662 5.489954363 2029
210.28551393 7.999998823 2030
210.291709259 5.9020925040000005 2031
210.292603683 7.305729017 2032
210.299139395 7.212181094 2033
210.305144227 6.817399811 2034
210.445468821 7.659017994 2035
210.452681641 5.962929095 2036
213.523032835 5.828055198 2037
213.56700098 7.975706361 2038
213.77204379 6.377709071 2039
213.774384801 5.478229632 2040
213.77847168 7.185652045 2041
213.786040973 7.093121139 2042
213.827179511 8.035602636 2043
213.828317564 6.734707637 2044
213.829843555 7.437309518 2045
213.833742772 5.637851461 2046
213.834683451 8.34354972 2047
213.837709372 5.341382827 2048
213.869187968 8.878815814 2049
214.035762793 6.441076516 2050
214.047109958 8.856419259 2051
214.078369297 8.787513382 2052
214.273699159 7.981362764 2053
214.279703655 6.284255388 2054
214.284882198 5.888639319 2055
214.28904757 6.493912782 2056
214.400914755 5.804413296 2057
214.408876411 5.712265077 2058
214.415180343 8.223039055 2059
214.422327782 8.530646052 2060
214.464899303 7.972227229 2061
214.46917773 7.275448234 2062
214.477228564 7.684116523 2063
214.483383644 8.791983649 2064
214.488405576 9.09740578 2065
214.493786184 6.398078107 2066
214.500446745 8.408458671 2067
215.904629962 9.01130256 2068
215.910994456 10.820504531000001 2069
215.91958674400001 8.024333357 2070
215.927406177 8.432944911 2071
215.934256287 9.942456925 2072
215.941890845 8.948412609 2073
215.95152816 8.657471402 2074
216.807588734 5.306490948 2075
216.933160289 7.535481977 2076
217.081928788 6.081798984 2077
217.190432293 8.293612447 2078
217.198642727 5.797805383 2079
217.227984452 5.92732787 2080
217.579216531 7.280197451 2081
217.582820005 6.682859331 2082
217.589558832 7.390768492 2083
217.593897129 8.496741732 2084
217.599895404 8.102112134 2085
217.605254374 7.005809375 2086
217.925255618 6.323941728 2087
218.178700994 6.376870014 2088
218.192995488 9.196004768 2089
218.215379373 8.417043845 2090
218.221084004 7.020564863 2091
218.636000456 8.937845005 2092
218.775072362 7.67474793 2093
218.780661446 8.782081214 2094
218.789412283 7.087786388 2095
218.7944532 6.892268231 2096
218.802232056 9.204329411 2097
218.886003244 9.58848991 2098
218.894469542 9.697078707 2099
218.928476344 9.029991034 2100
218.932563237 8.533414067 2101
219.764619906 8.964861199 2102
220.032215877 9.532901082 2103
220.386895779 9.687306979 2104
220.391828883 10.293120284 2105
220.39691815 11.600165143 2106
220.697573632 7.091880132 2107
220.791280819 7.8869555 2108
220.996439507 8.292584635 2109
221.013463032 6.806637641 2110
221.018286179 6.110323549 2111
221.035602826 6.428109746 2112
221.084575273 7.378749057 2113
221.214820545 6.406987714 2114
221.219205169 8.815960089 2115
221.253519818 6.7461457330000005 2116
221.263053362 8.459048127 2117
221.294229766 9.291831204 2118
221.310119447 8.105113745 2119
221.335810706 6.327626396 2120
221.341116953 9.038125131 2121
221.376234649 8.271443032 2122
221.382385505 7.876792502 2123
221.387302038 8.382736138 2124
221.397917807 6.690229411 2125
221.725751677 7.819629646 2126
221.731112674 7.424134935 2127
221.73964221 9.136001763 2128
221.74676768 8.441598299 2129
221.753181682 7.345976926 2130
221.763956583 9.66125052 2131
221.773831701 9.570930119 2132
221.781510296 7.674848754 2133
222.038975222 9.53552089 2134
222.298306834 8.892929761 2135
222.303407793 8.296959127000001 2136
222.396634918 8.590717601 2137
224.060931123 6.347994593 2138
224.088566911 8.779655616 2139
224.130675614 5.014754826 2140
224.250021056 7.538906313 2141
224.255753945 7.945171934 2142
224.339437768 6.025352691 2143
224.347760942 7.135782137 2144
224.357364965 8.547509117 2145
224.387743985 8.778244091 2146
224.388386999 5.172191999 2147
224.766565968 7.855129714 2148
225.013895614 6.198473018 2149
225.021021649 7.107745221 2150
225.029169994 7.015780024 2151
225.037152339 6.622792487 2152
225.043886504 6.529295444 2153
225.050182425 9.540857567 2154
225.064806406 6.951152521 2155
225.077836669 7.264708274 2156
225.083640615 6.468817346 2157
225.093415589 7.680987028 2158
225.13749999 8.927110617 2159
225.261207976 6.546111985 2160
225.2774621 8.666452722 2161
225.3495838 9.639938085 2162
225.355517957 8.043279678 2163
225.357299518 6.441743525 2164
225.365221101 8.353603337 2165
225.397362053 8.886432161 2166
225.400079542 7.887447751 2167
225.408212847 9.99901683 2168
225.429017906 8.317276489 2169
225.433832753 10.225205147 2170
225.439393678 9.529382749 2171
225.46736045 9.05659208 2172
225.474684363 6.458880871 2173
225.580402701 8.769094543 2174
225.584819827 10.476401693 2175
225.893270675 8.280527077 2176
226.422940712 10.312631388 2177
226.428374741 10.418230613 2178
226.433147458 8.219294849 2179
228.163998158 8.046031502 2180
228.285903522 8.468519431 2181
228.393870179 6.9736790420000005 2182
228.399723647 6.277950567 2183
228.434546208 8.216420443 2184
228.44046963 8.122172017 2185
228.471711528 8.954920302 2186
228.554424683 5.330359107 2187
228.56342435 9.146901041 2188
228.596085487 5.672656101 2189
228.596748845 7.076376985 2190
228.605116505 8.988139319 2191
228.606002557 8.187464315 2192
228.624796555 6.302735932 2193
228.628705357 8.109980956 2194
228.643465111 6.621950123 2195
228.649216137 6.026503676 2196
228.850961772 5.827331072 2197
228.863568628 7.242946809 2198
228.87017905 7.750522111 2199
228.876121298 7.856605475 2200
228.960077355 7.640099661 2201
229.098349114 7.878572248 2202
229.104373026 7.38357737 2203
229.127264378 7.205942305 2204
229.133473612 6.009640731 2205
229.137778896 6.615149345 2206
229.165226087 6.4422876030000005 2207
229.314370664 9.396778893 2208
229.319697566 6.496495888 2209
229.325377429 7.504258806 2210
229.331351353 9.614280716 2211
229.450265452 6.125989393 2212
229.457197347 8.838227896 2213
229.583615845 8.864520689 2214
229.587487326 10.271105965 2215
229.588442489 8.669043678 2216
229.592469822 9.574670678 2217
229.592722491 7.170417149 2218
229.599633307 7.377652626 2219
229.603321339 8.784056344 2220
232.009600535 7.382863294 2221
232.020636342 8.195307365 2222
232.20904598 7.682508707 2223
232.250077615 7.022334722 2224
232.485783162 7.458306903 2225
232.491012934 7.363397753 2226
232.537232531 8.511569756 2227
232.57755339 7.249696528 2228
232.761763246 8.836277799 2229
232.769646474 7.942573591 2230
232.775723242 9.050598995 2231
232.855798872 8.429578575 2232
232.863010675 8.737168342 2233
233.015427594 8.689347705 2234
233.044115955 8.31721537 2235
233.189019976 8.261820422 2236
233.723494488 9.497512335 2237
233.729318135 10.304708379000001 2238
233.736030451 10.21121022 2239
233.742936633 10.117892732 2240
236.092150569 10.563923419 2241
236.30979074 8.978506001 2242
236.330748826 6.595510015 2243
236.373072978 10.143451795 2244
236.379267257 9.949392161 2245
236.405616126 7.271341275 2246
236.714866399 10.585503861 2247
236.71669267 8.584080318 2248
236.718854036 8.786542215 2249
236.923096346 9.291171827 2250
236.930934533 6.794927896 2251
236.939210186 7.003574923 2252
236.947731433 10.117293528 2253
236.960151067 9.92942498 2254
236.967578416 6.530845034 2255
236.973224114 11.545191351 2256
236.980823666 8.94836305 2257
236.98824569 8.054478683 2258
237.072729543 8.038651132 2259
237.073302862 9.541544015 2260
237.078539358 10.448346376 2261
237.08325364 11.35474446 2262
237.155926173 10.826211788 2263
237.309453638 6.77254257 2264
237.313957686 8.580497273 2265
237.316254812 11.287128038 2266
237.323534329 11.695222487 2267
237.330306466 8.897230948 2268
237.432166187 8.798803909 2269
237.438832294 7.603396818 2270
237.446912991 8.913695582 2271
237.454865896 7.419041342 2272
237.487461263 7.952481121 2273
237.493787567 10.563270317 2274
237.498027881 10.367059543 2275
237.818817297 9.986663124 2276
237.823461541 10.091428132 2277
237.829674178 7.593414049 2278
237.861402689 11.331426434 2279
238.155524647 8.921052767 2280
238.159985424 10.928920111 2281
238.165397922 7.828940275 2282
238.172040994 9.338385661 2283
238.178616642 10.747022916 2284
238.183080561 8.548004778 2285
238.189381497 12.360770417 2286
238.195847288 12.266934367 2287
238.200796939 11.470483755 2288
239.95736685 11.724584595 2289
239.966742166 10.531966175 2290
239.974118315 11.641200245 2291
239.981585131 10.64697397 2292
240.163030356 8.223356245 2293
240.447887725 6.003613671 2294
240.4564035 7.615039255 2295
240.694074583 6.550374507 2296
240.698699907 7.95762157 2297
240.796761216 7.454573391 2298
240.895659836 9.356690984 2299
240.901200755 10.163960826 2300
241.021736099 9.683366333 2301
241.027959322 8.887750735000001 2302
241.11212654 6.56764714 2303
241.185569407 9.746842913 2304
241.307161941 7.564340348 2305
241.313078657 10.475740203 2306
241.321691817 10.684576693 2307
241.328892416 8.687888638 2308
241.433616469 8.291795731 2309
241.473598936 7.530429338 2310
241.47990754 7.436519355 2311
241.485665034 7.141581781 2312
241.50605747 9.766806165 2313
241.514761067 10.577048252 2314
241.551194604 9.71183081 2315
241.557737894 9.91863101 2316
241.589565194 8.047069929 2317
241.598146839 9.157528172 2318
241.624005081 7.781046696 2319
241.632540181 7.388652317 2320
241.669306543 9.629328502 2321
241.674501371 8.432503708 2322
241.679880225 8.037169718 2323
241.687431676 10.649468897 2324
241.766081851 8.824560208 2325
242.166496519 7.521800479 2326
242.173555609 9.131953554 2327
242.180737242 8.738369506 2328
242.187082475 9.946734672 2329
242.194500799 11.056391041 2330
244.886930171 13.648636717 2331
244.978373347 7.32811585 2332
245.100900619 12.760416506 2333
245.110367417 12.569580877 2334
245.258655196 6.306460147 2335
245.266729346 8.016948802 2336
245.29939469 9.352034232 2337
245.303245948 6.551348344 2338
245.307926408 10.162070349 2339
245.340636699 6.188135255 2340
245.349382038 7.999506172 2341
245.35076029 6.999596206 2342
245.382105954 10.536932294 2343
245.478393433 7.227332502 2344
245.58370411 6.93192512 2345
245.586625838 8.93786295 2346
245.593087354 9.244888748 2347
245.652903557 9.605347694 2348
245.661439384 6.408634697 2349
245.701049776 8.952181267 2350
245.723984878 7.973550262 2351
245.730477844 9.883321267 2352
245.948858774 7.497584625 2353
246.044714972 8.594671874 2354
246.052206574 8.502076756 2355
246.214700197 10.868442404 2356
246.220724349 9.171298817 2357
246.225937045 9.376897049 2358
246.231183945 10.784821757 2359
246.235682441 6.6823585770000005 2360
246.236991974 9.287796223 2361
246.241296583 9.091679496 2362
246.245397965 7.393310459 2363
246.250530397 7.198155642 2364
246.695668358 10.547890005 2365
246.698173896 11.95325471 2366
246.700507752 10.151914833 2367
246.706120743 7.353087897 2368
246.712828038 11.06600415 2369
246.71954426 11.47347052 2370
246.805209696 10.356791948 2371
246.809710965 8.959093676 2372
246.994211512 8.442686344 2373
247.003704019 7.350159404 2374
247.038898056 10.790866429 2375
247.048887703 7.29519613 2376
247.080222566 12.134821588 2377
247.090086813 8.939116254 2378
247.12220117 11.575599824 2379
247.131972699 11.385012845 2380
247.166256063 12.120631601 2381
247.355988838 9.405256819 2382
247.361443854 7.9083128050000004 2383
247.367153983 9.316324263 2384
249.745692864 7.186952915 2385
249.848163555 9.39308789 2386
249.853885967 6.29335681 2387
250.046883806 9.992520433 2388
250.051940022 7.192721622 2389
250.055650478 9.901067701 2390
250.088893935 8.131271617 2391
250.09871755 8.040973709 2392
250.133074272 8.87673795 2393
250.142928608 6.782837862 2394
250.17280191 6.411828187 2395
250.183064839 7.524246451 2396
250.214394897 8.457183508 2397
250.315208511 8.958587622 2398
250.318792628 6.658074183 2399
250.324645633 8.467229786 2400
250.340068955 6.478801371 2401
250.348694255 9.192521063 2402
250.380362649 9.624831403 2403
250.390129275 7.631201278 2404
250.838419093 10.583613115 2405
250.892248474 9.836175418 2406
250.901094392 10.045441899 2407
250.908351829 9.351377483 2408
250.914929345 8.45645636 2409
250.921289587 11.067403274 2410
251.122868771 9.465739944 2411
251.129368881 10.574152261 2412
251.157184434 8.999246396 2413
251.164100355 8.104496584 2414
251.189143843 7.929140627 2415
251.339856401 10.984925327 2416
251.355395237 9.097294088 2417
251.631619933 11.677522888 2418
251.639166594 8.178875946 2419
251.641300407 8.681926327 2420
251.647424663 10.691626265 2421
251.666136245 11.010747528 2422
251.67210423 8.51229144 2423
251.672588223 9.314260767 2424
251.677909374 10.221141695 2425
253.782183136 6.514531327 2426
253.796864409 9.735129566 2427
254.088872144 8.424079815 2428
254.10640003 9.944530512 2429
254.366616182 8.60155244 2430
254.372501107 10.010138024 2431
254.376900085 9.213165921 2432
254.397527686 6.929539453 2433
254.407221604 8.040935388 2434
254.437199114 7.570040233 2435
254.44032253 7.372925222 2436
254.441747202 9.077732794 2437
254.449455961 8.985156397 2438
254.734657058 6.765728713 2439
254.742445506 8.877271176 2440
254.743304407 6.874496463 2441
254.751030284 8.184420406 2442
254.776129123 7.60858553 2443
254.781153438 7.112715023 2444
254.787429898 10.324916233 2445
254.822495691 7.053939847 2446
255.818272745 9.652349849 2447
255.874558651 10.811011655 2448
255.878458297 10.614469241 2449
255.884684638 11.121654718 2450
255.932076246 11.669936687 2451
256.038747166 11.075426281 2452
256.126263054 9.459484339 2453
256.321717851 10.356216809 2454
256.506456602 11.843613436 2455
256.512903243 9.145124022 2456
256.517754596 9.750820131 2457
256.67500469 10.208521519 2458
256.680550891 11.817340325 2459
256.685917984 9.718666867 2460
256.68988414 12.728383409 2461
256.695420789 10.429255145 2462
257.018108398 9.449903895 2463
257.022463872 10.956765137 2464
257.02827797 11.463690672 2465
257.032296626 12.46959482 2466
258.466713966 6.591063757 2467
258.524892097 9.654433477 2468
258.662711451 7.889105585 2469
258.786628774 8.11332055 2470
258.792262718 8.820117239 2471
258.819040854 10.349110462 2472
258.825297495 10.756159711 2473
258.856016584 9.484743096 2474
258.859383536 7.184077084 2475
258.863585608 7.689130228 2476
258.866646462 5.988792222 2477
258.902387998 6.224917015 2478
258.946674266 9.675515681 2479
258.949819515 9.879016736 2480
258.952211337 10.382110495 2481
258.956306361 10.686720463 2482
258.958692668 9.988001253 2483
258.964118726 7.689477251 2484
258.971392512 9.099329653 2485
258.985201026 8.812764826 2486
258.990144051 10.620408093 2487
259.013707687 6.837354345 2488
259.17202437 8.799270235 2489
259.174625725 9.5028009 2490
259.176811477 9.404847965 2491
259.182651987 8.208569896 2492
259.184376497 7.7094050460000005 2493
259.218329917 6.240333474 2494
259.235130628 6.657880462 2495
259.245445583 8.371672169 2496
259.281812121 9.710236034 2497
259.543936277 8.970838221 2498
259.547910227 10.877711546 2499
259.550556322 8.476300339 2500
259.557203774 10.386252594 2501
259.560393022 7.985195017 2502
259.562257753 10.791883374 2503
259.571912402 10.100486632 2504
259.580585898 9.508305051 2505
259.58821901 6.509994699 2506
259.884205359 8.509414766 2507
261.201703122 10.929092377 2508
261.496138424 13.326794195 2509
261.504980405 8.727304166 2510
261.537031034 9.160206066 2511
261.546062849 9.069039208 2512
261.57517233 9.599289434 2513
261.585201182 11.112239054 2514
261.617190984 9.541061948 2515
262.98791726 6.804817577 2516
263.239788975 8.35875864 2517
263.541573556 6.45689245 2518
263.550541662 10.272022437 2519
263.583924288 9.904784743 2520
263.593711424 9.413849471 2521
263.627887283 7.745259012 2522
263.993275646 9.613182237 2523
264.309028942 9.628371321 2524
264.415344616 8.933294367 2525
264.541102012 7.6567929580000005 2526
264.555902237 8.573141184 2527
264.677443898 9.395811934 2528
264.844869225 8.060822085 2529
264.851001597 8.267374201 2530
264.866216451 7.881748164 2531
264.870928091 11.492183737 2532
264.876742739 10.296334452 2533
264.881600008 8.197681482 2534
264.887998078 9.205672433 2535
264.898537548 11.319523992 2536
264.922234179 9.740808511000001 2537
265.285636885 10.504819426000001 2538
265.291307922 9.909473234 2539
265.356823065 9.273907307 2540
265.36304102 8.879535555 2541
265.369852529 8.986466889 2542
265.515988829 10.534854109 2543
265.524619152 11.244633264 2544
265.554950949 12.376633867 2545
265.565676876 9.983463031 2546
265.593644697 10.512335483 2547
265.597616664 9.31434312 2548
267.637399393 8.047777495 2549
267.656594748 7.36595798 2550
267.950332486 6.457772522 2551
268.055791301 8.366060229 2552
268.381185995 9.492782509 2553
268.386362892 8.997056758 2554
268.429844082 10.944280633 2555
268.436339129 10.650309031 2556
268.654794979 11.269395644 2557
268.655131982 10.367817893 2558
268.659888132 10.673338167 2559
268.661819415 10.574962187 2560
268.687914886 9.398817653 2561
268.694125928 8.804110759 2562
268.719262846 8.62896994 2563
268.80615375 8.215020683 2564
268.8112375 6.617365805 2565
268.818594301 6.724951961 2566
268.826761586 7.835066944 2567
268.833740178 11.247980969 2568
268.972576213 7.379821008 2569
268.976557788 8.786105092 2570
268.977258291 10.18897208 2571
268.982171409 11.296264623 2572
269.011079565 7.318169376 2573
269.028008741 7.836019917 2574
269.184240648 7.290975883 2575
269.300732472 8.509278188 2576
270.34685572 11.358209541 2577
270.658293459 9.566424644 2578
270.665820497 12.17797404 2579
270.771730973 10.98184325 2580
271.015157279 10.123542972 2581
271.022351318 11.833366306 2582
271.029515362 9.737450628 2583
271.0354589 11.045303019 2584
271.061679999 13.776505531 2585
271.068529676 9.676130915 2586
271.102584201 9.109113358 2587
271.111740237 12.022886089 2588
271.136896391 10.645919925 2589
271.160906826 12.572904732 2590
271.165700757 9.372612833 2591
271.192598718 14.007658406 2592
272.786868351 9.190441305 2593
273.187397285 7.48723631 2594
273.194414263 8.495748802 2595
273.280148477 8.982153113 2596
273.430738376 10.535810639 2597
273.49100253 7.991139606 2598
273.607448003 9.109109231 2599
273.655039775 9.557477613 2600
273.728837033 9.731504419 2601
273.7327738 11.038098899 2602
273.741067074 10.244815876 2603
273.749649683 8.149637404 2604
273.758331811 8.75930168 2605
273.774499266 9.877417616 2606
273.792872755 9.394673697 2607
273.806736246 8.507234905 2608
273.829796249 7.728873313 2609
273.835592637 8.636309937 2610
274.046663509 10.249859859 2611
274.050415018 10.754584042 2612
274.204427297 11.209278882 2613
274.246200576 9.147062932 2614
274.249029517 10.853019837 2615
274.288135115 8.487778689 2616
274.295194514 11.500390901 2617
274.302043772 11.106441699 2618
274.313225721 12.019195692 2619
274.319686424 8.919961019 2620
274.326678603 8.325996145 2621
274.931655751 12.437322861 2622
275.229056184 9.328556813 2623
275.236491791 10.637963497 2624
275.263186252 8.961941888 2625
275.273778967 12.679313154 2626
275.307086631 12.211741006 2627
275.395098364 13.000938345 2628
277.916922565 6.9066180280000005 2629
278.224019663 10.820225411 2630
278.22860743 9.422503509 2631
278.520993274 11.016948921 2632
278.611289004 11.608685677 2633
278.616098253 11.713778298 2634
278.856334799 9.348797528 2635
278.870661059 10.465211556 2636
278.876721326 10.771795962 2637
278.984558565 8.475172259 2638
279.035030288 8.725974892 2639
279.179028573 8.268820162 2640
279.184063007 8.373936969 2641
279.294442013 12.892903071 2642
279.300701648 12.498486163 2643
279.352850023 12.25010116 2644
279.359290552 10.853636529 2645
279.386516759 11.682198767 2646
279.389862154 10.483624856 2647
279.392971708 9.284336005 2648
279.401352778 9.392823592 2649
279.407953025 10.201080333 2650
279.414728623 10.708710518 2651
279.421151431 10.81532688 2652
279.432345765 10.025131267 2653
279.613164446 9.905180044 2654
279.617219733 8.306472904 2655
279.622567261 8.411952938 2656
280.022744945 13.320638959 2657
280.581911613 10.172663133 2658
280.910899745 13.708034844 2659
280.917187143 10.207256904 2660
280.99991923 12.995184742 2661
281.00474916 11.096417693 2662
281.009609925 13.205085778 2663
281.014780029 13.41058054 2664
281.020296705 9.909842862 2665
281.026341763 11.218151758 2666
281.033720197 14.531970794 2667
281.039500827 11.431738711 2668
281.264692096 10.655081818 2669
281.271976423 12.265554832 2670
281.27930817 11.972285057 2671
281.286205472 12.179556202 2672
283.869845041 11.357472134 2673
284.139837034 10.826154008 2674
284.200366605 12.589020771 2675
284.210482128 11.097163608 2676
284.244991675 10.530609206 2677
284.254798713 12.243067274 2678
284.387352944 8.970520603 2679
284.452273478 12.640750106 2680
284.456866189 10.542281008 2681
284.554969083 8.537087945 2682
284.560508785 10.245334059 2683
284.683248164 10.46815689 2684
284.689780991 11.97708361 2685
284.695563805 10.079829149 2686
284.712589298 12.500585516 2687
284.721159425 9.10395655 2688
284.723818906 10.007986776 2689
284.731100814 9.714946383000001 2690
284.764648834 13.053222417 2691
284.768263464 9.551777386 2692
284.800407078 12.488212862 2693
284.804822554 10.990364262 2694
284.872686093 8.654481368 2695
284.94248061 9.625780486 2696
284.946926745 9.429889877 2697
284.996574939 8.678134039 2698
285.001454776 9.885101598 2699
285.004331193 9.287038364 2700
285.207694671 10.391708638 2701
285.217322113 13.305677133 2702
285.268303566 9.350589881 2703
285.276468114 12.463659215 2704
285.284136099 11.169218083 2705
285.408809727 8.990152765 2706
285.414028595 11.900015251 2707
285.418493514 11.003079379 2708
285.42432307 10.908736786 2709
285.572318677 14.161231216000001 2710
285.576447005 13.164166757 2711
285.58202414 13.470193386 2712
285.586456264 12.973833145 2713
285.784460618 12.771315496 2714
286.102481529 12.688646914 2715
286.417999868 12.403266989 2716
289.580630337 11.859329899 2717
289.796681699 10.97348592 2718
289.849538831 11.827658654 2719
289.855675445 9.729865588 2720
289.929461292 10.605450374 2721
289.935278084 8.908091815 2722
289.996830048 10.873161233 2723
290.201660408 11.178207386 2724
290.339649644 13.620456478 2725
290.346210215 11.823492946 2726
290.367941397 9.641104011 2727
290.374209889 10.348628926 2728
290.532503783 10.807606384 2729
290.535614037 10.309625196 2730
290.54151564 8.913445758 2731
290.547504251 9.920885505 2732
290.863711832 10.036687142 2733
290.866017523 13.946420168 2734
290.88328964 11.258609234 2735
290.887821955 9.760494757 2736
291.174354964 12.852016156 2737
291.178873716 13.357398577 2738
291.334344451 11.008163662 2739
291.353365777 14.13327861 2740
291.3606797 10.433603486 2741
291.452475119 12.829613231 2742
291.456966171 13.2347815 2743
291.463207721 13.541542881 2744
291.468899157 12.245175743 2745
291.697299412 13.274751111 2746
291.702324096 10.174429491 2747
291.708395047 15.189548806 2748
291.741987196 14.221102922 2749
291.747351071 10.319571242 2750
291.774907381 12.350688397 2751
291.776599318 14.155443493 2752
291.784628419 11.859303849 2753
292.128108724 15.108368396 2754
292.230408359 15.110541525 2755
292.553851585 12.127497087 2756
292.557936279 15.738529052 2757
292.781353051 14.058343223 2758
292.787154852 14.66508493 2759
292.792186238 15.371540953 2760
295.589910186 10.655950366 2761
295.934173071 13.805271152 2762
295.939243518 12.808502281 2763
295.993091829 12.762218366 2764
296.260315466 8.821898512 2765
296.266990699 14.33847238 2766
296.274401552 13.444123738 2767
296.279576777 11.946743391 2768
296.323749928 13.69385129 2769
296.333015221 11.899938245 2770
296.341631902 12.309310273 2771
296.354172168 12.121532625 2772
296.36402809 14.635824497 2773
296.373619098 13.844004456 2774
296.403630387 11.068990079 2775
296.414052075 13.483647143 2776
296.65208922 10.015098145 2777
296.687623657 10.251028129 2778
296.695252407 10.358777942 2779
296.719240879 14.890909915 2780
296.725317985 9.787967549 2781
296.745601601 28.440313897 2782
296.749890927 10.012814725 2783
296.753600246 11.719414678 2784
296.760328197 14.330802835 2785
296.790850166 12.858781951000001 2786
296.795533067 11.060141805 2787
296.801210396 10.264422666 2788
296.996446043 14.767264344 2789
297.001019473 10.163840319 2790
297.005852463 13.374344265 2791
297.033872615 10.998017451 2792
297.038531257 10.902426652 2793
297.150806893 13.819780344 2794
297.292285278 9.653407536 2795
297.298774663 9.559688863 2796
297.304247281 15.275499672 2797
297.340984895 12.707545944 2798
297.352057356 10.013822748 2799
297.38538774 13.95411189 2800
297.394713946 13.562701615 2801
297.498501207 10.460937855 2802
297.506336936 10.268327345 2803
297.54880561 29.644153379 2804
297.569607856 11.333332523 2805
297.574604917 11.739022117 2806
297.579610772 12.745809657 2807
297.584756554 13.853017743 2808
297.589295904 12.05435759 2809
297.59377182 15.264382856 2810
298.083288321 13.349640098 2811
298.089135842 12.954793922 2812
298.096183816 12.460978623 2813
298.101850598 15.371797683 2814
298.109070006 13.97658388 2815
298.115771203 12.180087582 2816
298.121618302 10.582965054 2817
301.767857657 10.522834507 2818
302.048881267 10.403093281 2819
302.33160909 11.687543972 2820
302.341689191 10.094675146 2821
302.343644971 13.101747034 2822
302.386681341 10.941298437 2823
302.397155754 14.157168322 2824
302.429181088 11.083993466 2825
302.436898495 9.588855988 2826
302.469298081 8.518945856 2827
302.477195302 12.334062776 2828
302.509375931 9.961863243 2829
303.528522157 14.887751952 2830
303.539298385 9.88964445 2831
303.640245837 10.691958841 2832
303.645252219 10.997484378 2833
303.65222315 14.811007962 2834
303.658695601 14.717254204 2835
303.664517588 10.315452062 2836
303.671011105 11.724660826000001 2837
304.044979115 9.593787192 2838
304.051254459 9.299463454 2839
304.057384176 11.008944825 2840
304.454998859 14.612159325 2841
304.459801516 10.208880394 2842
304.463520972 14.72089221 2843
304.467906353 14.424872582 2844
304.473043167 13.728853276 2845
304.478042412 16.53852092 2846
304.48398861 15.442409653 2847
304.489106556 14.245864928 2848
304.493769854 15.051595487 2849
304.638186468 13.493301606 2850
304.644216049 9.992602871 2851
304.651247591 16.511466391 2852
304.658342133 15.516644739 2853
304.666166772 12.318996153 2854
304.67274493 12.225385402 2855
306.462235105 18.422591409 2856
306.779917178 15.935500511 2857
306.789925432 12.43886775 2858
306.795002832 15.750251808 2859
306.800989802 17.25871118 2860
306.833678213 14.987549296000001 2861
306.84013527 14.092224155 2862
306.864365553 12.713625968 2863
306.870288319 15.124285862 2864
306.895161751 12.84461815 2865
307.032750665 12.180821883 2866
307.210717528 12.659353552 2867
307.214598327 13.364417431 2868
307.377294183 17.0338987 2869
307.387545887 13.938253032 2870
307.421696959 19.58241569 2871
307.432346281 16.888449181 2872
307.46550343 17.522516201 2873
307.475595269 17.833124251 2874
307.584424858 16.639803318 2875
307.589681841 14.340839749 2876
308.161792594 10.103988805 2877
308.504165637 9.043383275 2878
308.550402916 10.893340793 2879
308.726155528 12.671934147 2880
308.734566136 9.073393898 2881
308.784671681 13.531856403 2882
309.042213566 12.086589066 2883
309.048799799 10.890893351 2884
309.053521009 12.398312658 2885
309.058750823 12.503698389 2886
309.085118665 13.131052301 2887
309.090117425 14.037855182 2888
309.097154803 11.339906375 2889
309.103128562 9.742464038 2890
309.260374954 10.100256548 2891
309.265322105 11.407925678 2892
309.271658056 11.013494767 2893
309.276541249 10.016190253 2894
309.295523049 13.441702905 2895
309.302372968 14.149885773 2896
309.306777106 13.052216825 2897
309.313450836 9.451855566 2898
309.435420124 8.772144767 2899
309.442004892 13.888558849 2900
309.44571631 12.289667944 2901
309.452296008 13.999121627000001 2902
309.458119813 12.001418702 2903
309.4642758 9.101549904 2904
309.471011599 13.717323281 2905
309.477047825 12.220774081 2906
309.48286656 8.91981249 2907
309.604481421 11.646837611 2908
309.608624744 12.0517339 2909
309.610665009 12.554913473 2910
309.618992475 13.264315687 2911
309.619142184 10.960155636 2912
309.619640593 14.667530993 2913
309.626645239 14.273667896 2914
309.62874524 10.067779305 2915
309.63302642 9.671206226 2916
309.640512602 11.181942454 2917
309.648092251 9.185211182 2918
309.65448334 14.000913296 2919
309.69534007 8.931835006 2920
309.772448318 12.415977915 2921
309.779010786 9.717028866 2922
309.787258621 10.82765133 2923
309.794437137 9.531865659 2924
309.802400427 13.347559935 2925
309.807908235 13.052555803 2926
309.815282754 13.660905031 2927
309.821111687 9.65879267 2928
315.041895485 13.977706406 2929
315.392402233 13.927483282 2930
315.408157474 14.143631157 2931
315.513275097 14.348900421 2932
335.276106137 54.749567301 2933
336.499241091 49.361345198 2934
336.50432158 55.276782506 2935
336.512306992 61.596240887 2936
338.247638425 65.334572193 2937
338.254717245 84.475496685 2938
338.262926049 74.065222466 2939
338.272457629 36.907731848 2940
339.141075376 55.609698997 2941
339.148323655 54.615047293 2942
339.155827867 45.606411979 2943
339.533051011 86.054181691 2944
340.38414025 86.504746576 2945
340.390131844 63.771122847 2946
340.399339699 41.339445193 2947
340.405918068 55.171473413 2948
341.444899025 42.585506238 2949
341.452764319 43.094374705 2950
341.541180424 76.642291901 2951
341.642347305 61.817216861 2952
341.679721587 87.700162749 2953
341.689793379 89.914269611 2954
341.72164449 83.835380875 2955
341.746505738 51.302885339 2956
341.807862158 81.116595276 2957
341.831171767 73.626097859 2958
341.86728606 68.653751859 2959
341.91136871 43.352555401000004 2960
341.920212916 83.532677909 2961
341.962850377 83.775780431 2962
341.975123637 50.429615521 2963
342.008845422 62.484402829 2964
342.033501883 48.884840275 2965
342.045244745 42.283839894 2966
342.077487115 53.73732198 2967
342.149607197 68.53541433 2968
342.17753989 43.418390167 2969
342.25629836 63.332966998 2970
342.281899139 48.53196821 2971
342.308063456 90.031503654 2972
342.333846347 52.991786882 2973
342.358476294 88.27875505 2974
342.368568822 65.048154407 2975
342.405751583 41.44188894 2976
342.447699748 41.584061613 2977
342.476726118 72.267923315 2978
342.502358441 78.805708061 2979
342.527274893 57.092488035 2980
342.585569984 53.84459198 2981
342.600336147 76.399189468 2982
342.63508689 88.154858768 2983
342.665941373 59.6354185 2984
342.740155493 66.62215238 2985
342.780032263 82.389238627 2986
342.809666158 87.027158889 2987
342.835084804 83.34559477 2988
342.860592229 78.06179589 2989
342.904148666 50.757433826 2990
342.927172589 50.880593558 2991
342.979207878 54.538859360000004 2992
343.025035468 46.169532362 2993
343.032867495 75.729238673 2994
343.0659074 54.525342809 2995
343.073103042 61.745414999 2996
343.136331928 71.625150998 2997
343.16400484 84.475912009 2998
343.170616556 67.353224042 2999
343.27249706 76.670577869 3000
