352.188161626 1.18667591
352.203703041 1.201723335
352.208169361 1.207085763
352.212224798 1.210669249
352.219833572 1.218648988
352.219838792 1.218410509
352.225995085 1.224867632
352.228736649 1.227346415
352.237640055 1.235919596
352.243101868 1.2422230380000001
352.252224417 1.250287485
352.254488749 1.252995353
352.254917074 1.2527661509999999
352.262521446 1.26076447
352.263165951 1.261950976
352.264003341 1.262746029
352.267888873 1.266291385
352.268580146 1.267423388
352.277525577 1.275987461
352.280601768 1.279405414
352.28513846 1.283261631
352.287643101 1.286105726
352.287646238 1.285792217
352.290689223 1.289914579
352.295061608 1.293496299
352.296681288 1.295483948
352.299092502 1.297547619
352.299196136 1.297378143
352.303238587 1.302030799
352.303634579 1.301889604
352.303837934 1.3022721879999999
352.305135859 1.303883889
352.306021691 1.3044962
352.312035692 1.310372748
352.314702697 1.313567879
352.315062628 1.31450596
352.320481754 1.3184905900000001
352.32922466 1.327228443
352.32932826 1.327412371
352.329339887 1.3281144440000001
352.329375285 1.327664532
352.33223403 1.330495326
352.333054791 1.331838788
352.336299819 1.334470733
352.337846278 1.335646608
352.337990264 1.336884822
352.338772176 1.33709503
352.339764998 1.338144912
352.343037879 1.341333504
352.347260069 1.346072935
352.348516053 1.346933575
352.354332041 1.352788173
352.355856716 1.354198105
352.35641851 1.354877695
352.356505935 1.354634567
352.356584145 1.354769818
352.359938135 1.357665103
352.360983579 1.359161647
352.362236146 1.361018786
352.364484149 1.362954634
352.364606633 1.362719091
352.364854538 1.3631770300000001
352.366693223 1.364739026
352.371318783 1.369741939
352.372549905 1.371397753
352.379828105 1.377903031
352.382526533 1.381312327
352.383333906 1.381706983
352.383441458 1.382383847
352.388044907 1.386502251
352.388796057 1.386282615
352.388816486 1.3875671170000001
352.390972426 1.389877929
352.393025028 1.391834134
352.393327234 1.391824723
352.393398848 1.391667337
352.397784268 1.396625983
352.399416013 1.397382225
352.400263799 1.3988697270000001
352.4057204 1.403762793
352.406634029 1.405604086
352.412350552 1.4105738570000002
352.412401604 1.41122418
352.413296948 1.412058196
352.414691436 1.412830779
352.420062852 1.418861822
352.422015516 1.420169698
352.422481177 1.4214243930000001
352.42259346 1.4215119
352.425389267 1.423602451
352.428337252 1.4269230670000002
352.429546316 1.427988139
352.430597086 1.429531944
352.432929277 1.431721915
352.433420637 1.431575576
352.434337739 1.433145286
352.437154269 1.435973375
352.439994056 1.439118819
352.440698516 1.438658688
352.444298875 1.443128743
352.447143818 1.4449984150000001
352.448679945 1.447488173
352.450958141 1.450028025
352.45211292 1.450395548
352.453270526 1.451816437
352.454719502 1.453165005
352.455560696 1.454332293
352.461604807 1.460000073
352.462954104 1.461077755
352.466813211 1.465249299
352.467327636 1.465701514
352.46755085 1.466031961
352.47555729 1.473553199
352.475667069 1.4739833070000001
352.475842187 1.473753473
352.476031142 1.474372378
352.479299198 1.477386526
352.479793192 1.477995379
352.485434076 1.4837341400000001
352.486229012 1.48471588
352.486353904 1.485705988
352.487098864 1.485944127
352.489359079 1.488210292
352.49319204 1.491967293
352.493205536 1.490988164
352.496518105 1.495280153
352.497105936 1.496576261
352.502101841 1.500872512
352.504510725 1.502737286
352.505377542 1.504210316
352.508307507 1.506459862
352.511418207 1.509801231
352.511622467 1.509830493
352.512581376 1.5114573820000001
352.517298348 1.516124165
352.518013729 1.515690513
352.519031883 1.518152331
352.519056119 1.51709556
352.521783081 1.521008353
352.524342757 1.522466126
352.525767881 1.523337897
352.52745648 1.525783831
352.527968044 1.525574293
352.528328544 1.5271972690000002
352.531089072 1.52957904
352.535195036 1.53361889
352.536548532 1.5353645500000002
352.540429572 1.538566319
352.543555066 1.542391323
352.543566668 1.541783402
352.546097029 1.544633838
352.546189527 1.544214616
352.550993428 1.5501320920000001
352.551174481 1.549177613
352.55176589 1.550068307
352.553862309 1.552267284
352.556028737 1.554449809
352.556202459 1.5543488550000002
352.560737155 1.558910134
352.564707573 1.563100068
352.565213103 1.563614532
352.571307484 1.5702188129999999
352.571548058 1.5708856020000002
352.574926557 1.57303926
352.57619367 1.5742747000000001
352.577995309 1.575860943
352.578654903 1.578237374
352.579641894 1.5782049759999999
352.583581828 1.582795758
352.584853137 1.583019627
352.58664872 1.584555279
352.589181293 1.588137168
352.591408716 1.589604879
352.595772968 1.594322073
352.596104437 1.594929825
352.598521452 1.596874719
352.600227577 1.598773531
352.602295321 1.600051179
352.60233911 1.601193069
352.602360242 1.6012096100000002
352.603758877 1.6026400600000001
352.604854896 1.603325872
352.605973026 1.604235394
352.60830326 1.606665371
352.609685904 1.608580284
352.610059112 1.608223074
352.61104807 1.608816317
352.613352049 1.6118277970000001
352.627053272 1.6255559540000002
352.628778435 1.6278121300000001
352.631346729 1.629777647
352.63318534 1.631169049
352.635377477 1.633580311
352.636130107 1.6342368180000002
352.636234979 1.635069883
352.63701761 1.635836592
352.637679272 1.635809953
352.641258399 1.640086318
352.642026515 1.6396410650000002
352.642148711 1.640560064
352.646001607 1.643722779
352.647124791 1.645608176
352.647681176 1.645678688
352.654110792 1.652944113
352.6544035 1.652797214
352.656126663 1.6549673089999999
352.658894405 1.6570289580000002
352.663548326 1.6620281650000002
352.663711468 1.66242496
352.665856237 1.6639742499999999
352.666721833 1.665246175
352.668375292 1.6662148170000002
352.668855793 1.667262207
352.671777427 1.670228027
352.674789505 1.67329741
352.674898749 1.67317334
352.679200531 1.677337809
352.68073716 1.6784184940000002
352.681795985 1.679971557
352.68593679 1.6838537740000001
352.686607429 1.685068285
352.691335617 1.688995481
352.693970264 1.691724982
352.694445916 1.6927603
352.697814799 1.695927303
352.698247748 1.696805027
352.700146334 1.69893772
352.700270096 1.698370892
352.701741878 1.699843622
352.703780093 1.7017672570000002
352.708378494 1.7059350260000001
352.708640014 1.7069743430000002
352.709194977 1.707283944
352.71067904 1.7088395680000001
352.712128531 1.710625033
352.713372045 1.711961927
352.718249816 1.717049694
352.718350102 1.716639656
352.723232325 1.7211636060000002
352.723344233 1.722800482
352.727664923 1.726186854
352.729112883 1.727479146
352.733759049 1.73247427
352.735106854 1.7339268680000002
352.735359683 1.7339369210000002
352.735883665 1.734755078
352.739288993 1.738384601
352.740745318 1.738696869
352.743554045 1.7421107710000001
352.745138864 1.744026737
352.748764036 1.747560747
352.749721945 1.7478223449999999
352.753758227 1.751790305
352.755442038 1.753383371
352.755723102 1.754562822
352.759381345 1.75717374
352.76071596 1.759246003
352.761576515 1.7597676080000002
352.761652377 1.759926277
352.764740516 1.763319254
352.766460463 1.764736089
352.767337074 1.7666551560000001
352.76784172 1.765868189
352.7687733 1.767082614
352.769304159 1.768094519
352.780550542 1.7789360950000002
352.78177691 1.781018359
352.785232876 1.783734745
352.787324732 1.7857171680000001
352.790340665 1.788374856
352.79222633 1.791123191
352.793259604 1.7917670380000001
352.795797352 1.795256262
352.798904061 1.796805965
352.802786982 1.8016894190000001
352.803912413 1.80280188
352.806892529 1.804458439
352.80700043 1.8051978700000002
352.810001373 1.8087696480000002
352.810868715 1.809768618
352.810891931 1.808996813
352.812050798 1.81093235
352.813509568 1.812392534
352.813591061 1.812314464
352.817478708 1.8156318420000002
352.82064379 1.819235817
352.827485652 1.825534355
352.837445747 1.835594892
352.838296852 1.836103036
352.839037587 1.838291235
352.839092313 1.8374599580000002
352.845168005 1.843039453
352.848551115 1.847002834
352.849875324 1.84913675
352.852335491 1.8504045709999999
352.858828973 1.857739874
352.863016724 1.8619417930000002
352.863503789 1.861574934
352.869163038 1.868033616
352.871314782 1.869661631
352.884741654 1.8836510080000002
352.891752767 1.889446326
352.894428476 1.8929711340000002
352.895631778 1.893726445
352.902967671 1.9018466900000002
352.914838498 1.9132533330000001
352.925098914 1.9231138200000002
352.925845887 1.924837047
352.930713135 1.9283886090000002
352.957562994 1.956452727
352.966283705 1.964275157
352.988135849 1.987005323
352.998039554 1.996348582
353.004487013 2.002548998
353.031047594 2.029861868
353.237936871 2.234067123
353.239220544 2.236279287
353.245029949 2.242625421
353.249423142 2.245489764
353.256506163 2.251948277
353.26623941 2.261983716
353.269688428 2.26591634
353.270703488 2.266036315
353.278880195 2.274939358
353.279558647 2.276539509
353.28667081 2.282146225
353.287671478 2.283153779
353.291571509 2.287701112
353.294927143 2.291910035
353.295993135 2.292835825
353.298927614 2.29496383
353.299697629 2.296426533
353.301687348 2.297356168
353.303413068 2.300892863
353.304122345 2.300219964
353.308367407 2.3039020199999998
353.310740571 2.306421007
353.310843247 2.306478985
353.314854814 2.310365543
353.315903753 2.311357344
353.318927763 2.315873174
353.320296468 2.317269674
353.321355567 2.316981992
353.324618617 2.321569842
353.325673816 2.322660337
353.331178664 2.32887874
353.333336246 2.329431989
353.334555986 2.330663801
353.340932944 2.33708217
353.343849339 2.340015071
353.343961755 2.341331149
353.34463481 2.341091521
353.347605671 2.344261034
353.35083318 2.348351164
353.351404223 2.347292979
353.351836479 2.34778436
353.352691246 2.349695817
353.354204662 2.351282868
353.355122428 2.351137235
353.356499945 2.353909874
353.356732403 2.353738039
353.356860562 2.352592216
353.35877828 2.355215499
353.360365604 2.357062216
353.362403481 2.35944085
353.368707608 2.366201606
353.373568472 2.369639282
353.376391067 2.372819043
353.377970146 2.373656653
353.379758528 2.37568753
353.380724931 2.376300672
353.382414696 2.379325389
353.383661167 2.380571845
353.383784135 2.38028232
353.38736639 2.383391764
353.389895606 2.386797508
353.389990541 2.38593318
353.39575832 2.391663788
353.397967781 2.394584505
353.398101456 2.395580757
353.401547082 2.3976636669999998
353.402438575 2.398148829
353.405629552 2.401432044
353.405743557 2.401498691
353.406571184 2.4040856870000002
353.408997312 2.405140383
353.409150087 2.405262468
353.409356352 2.406892548
353.411443321 2.407950625
353.416782504 2.41420121
353.418423751 2.414483721
353.423727649 2.419956294
353.425077584 2.4211632720000003
353.425163598 2.422571897
353.427818288 2.42339858
353.431760848 2.428356589
353.432858635 2.430513804
353.433500522 2.429981203
353.435017284 2.431236508
353.438071935 2.434228347
353.440417313 2.437919006
353.443970813 2.440573511
353.444852755 2.441756988
353.445656589 2.441656128
353.44753232 2.443897166
353.447815223 2.444023032
353.450802384 2.447507114
353.451163109 2.447098754
353.453620836 2.449068455
353.458651605 2.4555451
353.460051592 2.457543586
353.461680736 2.457655761
353.465276306 2.462643082
353.468150225 2.465924345
353.4682402 2.464999171
353.470323096 2.467857989
353.472327556 2.468431007
353.472826905 2.4702612840000002
353.4733746 2.469228985
353.478210627 2.475108608
353.478349646 2.474337318
353.478830178 2.47487386
353.480858308 2.4779132280000002
353.486007951 2.48301097
353.486134498 2.481821764
353.488640029 2.484807081
353.489253703 2.485727633
353.489380527 2.48547532
353.489390866 2.485210422
353.491043954 2.487022016
353.497774992 2.494839651
353.498174851 2.494542298
353.49825246 2.493792532
353.503207753 2.498541452
353.504705964 2.501699715
353.50850955 2.505921323
353.509723537 2.506712119
353.511861088 2.507087545
353.514990567 2.512117986
353.517600714 2.513714415
353.52070257 2.51680285
353.522604748 2.519617165
353.523209372 2.519373525
353.525026659 2.52214317
353.529594676 2.526381054
353.529775449 2.52515221
353.533288867 2.529243567
353.534901671 2.531898627
353.535196003 2.532283165
353.536912782 2.533010078
353.538241056 2.5339907090000002
353.539636198 2.5358760140000003
353.54083644 2.53661255
353.541879867 2.538004768
353.542388377 2.539065815
353.54615096 2.542339684
353.546338555 2.542894919
353.547705862 2.5451908420000002
353.549742491 2.5462554170000002
353.551814649 2.5492343440000003
353.553419013 2.549426523
353.55467451 2.5503259050000002
353.554763162 2.551707044
353.559050634 2.555949959
353.562229289 2.558607357
353.562451259 2.558189305
353.563851529 2.559891151
353.570037757 2.566213636
353.57004998 2.566117461
353.574499658 2.571615643
353.578257851 2.5742222
353.581302546 2.577515773
353.581371307 2.578869186
353.586189229 2.582635005
353.586631692 2.582276056
353.58665154 2.582828896
353.586706382 2.582879024
353.588312932 2.584209576
353.59066734 2.586728763
353.592865098 2.5902706440000003
353.594088413 2.590612434
353.595387743 2.591365974
353.599603331 2.59573314
353.609076379 2.606230774
353.609739429 2.605769204
353.611257906 2.607884624
353.613442264 2.609446097
353.613930768 2.609389576
353.61721505 2.615132601
353.618442831 2.614477986
353.618559218 2.614650582
353.619611904 2.615555884
353.620856218 2.617813538
353.626049192 2.62265929
353.626714922 2.624223622
353.627706476 2.624605146
353.62973336 2.626778346
353.630855188 2.626840264
353.634429116 2.6309587050000003
353.634507176 2.630391499
353.634676727 2.631708166
353.635424512 2.632870701
353.639455512 2.635448488
353.643463698 2.63922494
353.648176736 2.643598968
353.648267744 2.644385893
353.65427332 2.651799431
353.655141701 2.652081019
353.659645051 2.655857398
353.660411643 2.656974801
353.663466635 2.658988716
353.666454574 2.662439965
353.666552683 2.662080783
353.667595455 2.664038886
353.668340816 2.665792967
353.673222669 2.669270852
353.674242675 2.670926712
353.675543014 2.671217715
353.676061949 2.673660642
353.681484573 2.678522264
353.682170399 2.679161826
353.686403333 2.683903458
353.687103058 2.683073979
353.689362316 2.684954809
353.692862047 2.690251149
353.694114255 2.689924529
353.695186513 2.691206659
353.699479852 2.697032472
353.7012702 2.698200459
353.709131015 2.7046458429999998
353.710206623 2.7076400019999998
353.710347674 2.707751951
353.712712333 2.7097371690000003
353.716657924 2.714325732
353.718536798 2.714257973
353.720140014 2.717134228
353.720350804 2.716768621
353.726341789 2.723316547
353.727189653 2.7233326460000002
353.728791987 2.724873487
353.730372579 2.725569722
353.733199161 2.729149024
353.734133653 2.729832094
353.737161411 2.7347119280000003
353.737470822 2.735022572
353.738752446 2.735724595
353.745275973 2.741345784
353.75087509 2.745823131
353.751836426 2.7479941979999998
353.756647807 2.752720001
353.756849399 2.753427774
353.759391595 2.755523784
353.761620084 2.7583356290000003
353.765167768 2.7621234880000003
353.766660103 2.764035798
353.771065781 2.768204089
353.771830452 2.767790852
353.77943918 2.77559927
353.786319007 2.78388308
353.787349148 2.784841114
353.790124761 2.786381989
353.790157093 2.785954605
353.794515184 2.790062096
353.797933008 2.794746813
353.80116934 2.797245309
353.80187111 2.799413554
353.809098857 2.806166632
353.814104619 2.810166615
353.816067172 2.813110911
353.816177266 2.8126681380000003
353.821422131 2.819083549
353.823972483 2.8196761820000003
353.824934871 2.822474298
353.826768103 2.822904174
353.828076381 2.8236752540000003
353.833492359 2.830943192
353.834780827 2.831449145
353.835033868 2.831439204
353.83642339 2.833282935
353.844133064 2.840141522
353.845117837 2.841223963
353.851984081 2.848167162
353.85513893 2.851219651
353.858640467 2.856060076
353.858891463 2.856377623
353.860578518 2.857513844
353.865190241 2.8612294460000003
353.867787046 2.864198033
353.868105943 2.865483077
353.875024509 2.871794522
353.885312387 2.882926052
353.8866971 2.88308156
353.891488546 2.889017065
353.902555715 2.89868466
353.91292158 2.910628688
353.918037879 2.914958663
353.919331995 2.914802453
353.925290093 2.922688907
353.945366964 2.9423817860000003
354.238516556 3.232629127
354.248802274 3.244076341
354.251115025 3.245586371
354.263502125 3.2569712920000002
354.266506984 3.261201197
354.276969827 3.271213652
354.278471529 3.273534921
354.279874968 3.273291484
354.287174357 3.281626159
354.287963392 3.283071282
354.290715996 3.2858687619999998
354.294479346 3.289328603
354.299804067 3.2946299420000003
354.303058027 3.297993843
354.307277766 3.300843444
354.309031973 3.303366768
354.318012402 3.312232145
354.31838666 3.312589644
354.319798486 3.314231189
354.323573142 3.31820744
354.326566649 3.320708495
354.328233492 3.322678974
354.329054552 3.323910257
354.333996807 3.328750148
354.338448159 3.332334272
354.340064224 3.334317184
354.344907527 3.338554931
354.347169113 3.341764735
354.349162572 3.34366886
354.35016565 3.344528523
354.351020425 3.34557887
354.355385321 3.35027613
354.355443677 3.349084722
354.357349905 3.352934362
354.361150965 3.3553594650000003
354.363912596 3.358375099
354.364143818 3.35892314
354.368243742 3.363318058
354.36930615 3.363465708
354.372809712 3.367785406
354.37283468 3.367087656
354.375807396 3.370335845
354.375861891 3.371100178
354.378964216 3.373918731
354.381045255 3.375900358
354.383033595 3.375926763
354.38462553 3.378255961
354.385480625 3.380027493
354.386849223 3.381387566
354.387308876 3.380492426
354.392255932 3.386444371
354.393560923 3.388804575
354.395717864 3.388928572
354.398927202 3.394132839
354.400655985 3.394754624
354.40141537 3.395542819
354.401521661 3.3964516700000003
354.403469726 3.398858258
354.406375113 3.400750411
354.407582965 3.40104242
354.409736978 3.405016589
354.411286858 3.406555388
354.412781579 3.407972276
354.416035088 3.410826611
354.419257431 3.413951881
354.420287966 3.413672755
354.426594188 3.420368517
354.427055119 3.421590251
354.42728117 3.420997035
354.431072524 3.425591421
354.431717612 3.426152801
354.433600791 3.428800296
354.435563485 3.430237355
354.437676123 3.431932495
354.43831165 3.432835216
354.438371886 3.432475544
354.439476917 3.43357644
354.439930936 3.435258047
354.444155786 3.43954969
354.444848182 3.439070536
354.444921859 3.438620293
354.445132974 3.439865518
354.445828836 3.440614227
354.446290367 3.439768811
354.452566273 3.44669806
354.453707841 3.448307075
354.461299519 3.45656272
354.464636633 3.458037211
354.468536234 3.463045531
354.469791791 3.463537565
354.470696494 3.466040764
354.471842706 3.466507359
354.473129954 3.466371251
354.473816787 3.469281681
354.475761474 3.469962496
354.478459403 3.472046067
354.478685608 3.471853217
354.48034184 3.474838542
354.481119366 3.476339995
354.481524307 3.476012456
354.486026414 3.480605697
354.492403708 3.485948065
354.493043422 3.487166004
354.497568905 3.492649355
354.498011903 3.491214959
354.499772516 3.494980117
354.501042072 3.495276631
354.501702919 3.4959585950000003
354.502249518 3.497599264
354.50233394 3.495725428
354.502827058 3.497953019
354.507681191 3.502320866
354.508592803 3.503008022
354.510672172 3.504842592
354.510795821 3.50486848
354.513384733 3.507169404
354.514167736 3.508906106
354.516243885 3.5108614730000003
354.518167273 3.512848647
354.521514697 3.515727889
354.52154922 3.515722423
354.525307176 3.5197514290000003
354.527096389 3.521525875
354.527163507 3.521756586
354.528325398 3.523615673
354.535078755 3.529605523
354.538302906 3.532452545
354.543277467 3.537510393
354.544902785 3.539086825
354.545194149 3.540179536
354.550929203 3.546110293
354.551098961 3.544754252
354.552619587 3.5474864420000003
354.552848657 3.5477334540000003
354.553000382 3.547133693
354.554037259 3.548406542
354.555879643 3.549371674
354.556831857 3.550064648
354.560423397 3.555543389
354.563037029 3.557275426
354.563725949 3.5591426
354.570841391 3.565765852
354.573795094 3.56702428
354.574651745 3.569378949
354.576530275 3.5702515200000002
354.577871184 3.571314601
354.578859215 3.573486458
354.581360346 3.576429548
354.581411427 3.574787124
354.581484331 3.575707929
354.581538062 3.576037854
354.584139419 3.578765848
354.585272924 3.578473952
354.591197424 3.58585712
354.59130765 3.585540425
354.594822668 3.589476057
354.595160724 3.588837304
354.600031446 3.595162997
354.600588245 3.59477964
354.603772009 3.598596817
354.606651138 3.601111079
354.610039795 3.604904811
354.612327517 3.606391716
354.612486829 3.6067176610000002
354.615239268 3.6084082520000003
354.616070997 3.6114322899999998
354.61739444 3.6117953160000003
354.618190956 3.613068741
354.619343751 3.613961576
354.623380311 3.617958047
354.624070253 3.618566787
354.627919137 3.622440503
354.629483525 3.624894518
354.631397874 3.625946647
354.632821396 3.627537405
354.634179466 3.6279129560000003
354.634586335 3.629145659
354.635622857 3.629759997
354.637015424 3.6312664640000003
354.63922458 3.6334051609999998
354.646738559 3.642137837
354.647917748 3.642587973
354.651021019 3.645651609
354.652740468 3.645958167
354.656586827 3.650751549
354.656767396 3.651349706
354.657922068 3.65286424
354.658033234 3.652274368
354.659233897 3.653751069
354.662069078 3.6568676460000002
354.663098057 3.656584439
354.666480942 3.659676451
354.667479941 3.661682081
354.667616876 3.661763404
354.668534511 3.663251404
354.669649653 3.664057891
354.678894512 3.6729783510000003
354.679174911 3.673740463
354.684103502 3.677176447
354.68644181 3.681356043
354.687260112 3.681774641
354.687534552 3.682082696
354.688237021 3.682843695
354.688785386 3.683002971
354.68981225 3.685167547
354.690249297 3.6850017900000003
354.692151495 3.685730563
354.695726725 3.689132833
354.696031827 3.689569342
354.69783756 3.693122876
354.698656498 3.69241421
354.704684613 3.699429428
354.704919438 3.699348443
354.707589827 3.700747995
354.711231929 3.70489822
354.711407879 3.705851093
354.71212474 3.7066100090000003
354.713231881 3.7074754580000002
354.715154166 3.709364871
354.716463463 3.7099005590000003
354.718862794 3.713446849
354.722243698 3.71756516
354.723042212 3.71746558
354.728274032 3.722425459
354.731985483 3.726571178
354.735069963 3.728306189
354.744673504 3.738812042
354.748300323 3.742732272
354.750132932 3.74487763
354.750805616 3.746102676
354.754929959 3.748555773
354.756522821 3.751058018
354.75665465 3.7512633920000003
354.757701649 3.752194938
354.759144968 3.752268345
354.76582983 3.759993101
354.766057109 3.760247363
354.77083636 3.7650539590000003
354.772147167 3.766045491
354.772230387 3.76645258
354.776374307 3.770959713
354.781442931 3.776079335
354.785240555 3.7786839580000002
354.789000589 3.783472514
354.796226521 3.791015987
354.797304658 3.791516836
354.798392123 3.792961517
354.799928198 3.794085558
354.807058512 3.801732297
354.809137795 3.803352809
354.810598427 3.804207732
354.815469432 3.810870591
354.815746668 3.809893195
354.818662828 3.8127607340000003
354.831115321 3.824642492
354.836381476 3.831466052
354.840100682 3.8347833270000002
354.844329029 3.839614352
354.85100278 3.845514413
354.855049358 3.849152182
354.855755338 3.849456503
354.85711562 3.852033305
354.863833414 3.8579270990000003
354.864224154 3.858358125
354.881368038 3.875852691
354.886582091 3.881086388
354.887439021 3.882018024
354.893099999 3.8868645820000003
354.893565556 3.888043796
354.899056017 3.8932812400000003
354.900898895 3.895056616
354.906365311 3.900999588
354.924805034 3.91986039
354.932023197 3.925223107
354.933730233 3.927935395
354.942871269 3.936119889
354.953911208 3.949560825
354.957540009 3.952673154
354.963605206 3.957861836
354.975260635 3.969810471
354.981808966 3.976620434
354.987828348 3.982288348
354.993723042 3.986920729
355.00604089 4.001179093
355.011483138 4.00454714
355.013358191 4.007554273
355.019502486 4.013733704
355.027494945 4.022024071
355.033726867 4.027913711
355.03395372 4.028124457
355.042849058 4.038079235
355.06095851 4.055115555
355.065324807 4.059799896
355.068524818 4.062118238
355.078444995 4.071966626
355.088019721 4.0831335
355.283641071 4.275386835
355.286076594 4.277558493
355.29205419 4.283888009
355.294263992 4.287114668
355.304539558 4.29755008
355.305585811 4.298284519
355.308842534 4.300915438
355.309491617 4.301960932
355.310368759 4.302452105
355.312568151 4.305123258
355.316871549 4.30912691
355.317549215 4.309411661
355.318207624 4.310855823
355.319441041 4.312616085
355.320381537 4.313550698
355.326051312 4.317691338
355.326674459 4.319107499
355.334130273 4.325961199
355.334378184 4.326699261
355.337315937 4.329213702
355.338610012 4.330700367
355.339665764 4.332034516
355.340732912 4.333276996
355.343654201 4.336322137
355.344379066 4.336972404
355.346963223 4.338389348
355.347113613 4.339767963
355.348233654 4.340844697
355.350461096 4.342885435
355.350546904 4.343413311
355.355137701 4.34775953
355.359420639 4.351919945
355.361344185 4.354027439
355.364239272 4.356817436
355.367164301 4.359521993
355.367530054 4.359244052
355.36925295 4.3621718430000005
355.370642098 4.363042028
355.374491199 4.366142582
355.37557006 4.367136092
355.376744197 4.369867868
355.379775688 4.3717944840000005
355.380408125 4.371964225
355.381017413 4.373355616
355.387558712 4.379279254
355.387729891 4.380810962
355.390767166 4.383323448
355.391798456 4.3849571990000005
355.393410101 4.385624404
355.3938055 4.387044093
355.39471302 4.386391874
355.396562033 4.389026887
355.398302184 4.390844506
355.399048435 4.391306075
355.403394312 4.39548387
355.406834849 4.398975772
355.406989412 4.399546608
355.413954725 4.406567285
355.41401006 4.406728005
355.414485374 4.406305763
355.419232334 4.41110524
355.420737898 4.413743867
355.421255376 4.414258121
355.422753833 4.415356813
355.422882064 4.414602773
355.424931246 4.416634153
355.428620111 4.421212627
355.429329633 4.422318918
355.431387385 4.424076582
355.431830274 4.42397744
355.433483116 4.425896677
355.434258014 4.425937609
355.437435113 4.430624541
355.439425359 4.432050569
355.441818022 4.433422833
355.446410095 4.438230094
355.446697746 4.4392479
355.449520204 4.442159646
355.455884284 4.448538666
355.456613596 4.44974921
355.456974536 4.448640922
355.458755208 4.451239499
355.459378537 4.45184601
355.463457836 4.455928743
355.463983613 4.456644972
355.464183052 4.455814655
355.464924122 4.457541619
355.467482988 4.46005232
355.471798133 4.463935001
355.473553584 4.465667924
355.473612462 4.465930253
355.473980845 4.465672052
355.477174957 4.469785933
355.480689233 4.472927063
355.482349185 4.474237998
355.482472995 4.474177245
355.485090976 4.477679999
355.485233877 4.477777497
355.487091808 4.479439523
355.488859624 4.481804131
355.489800554 4.482409981
355.489938437 4.483160648
355.494014107 4.486638931
355.495405475 4.487101912
355.495999863 4.48763111
355.498778335 4.490381878
355.508047966 4.500755275
355.510474153 4.503109322
355.512868111 4.505271794
355.516146829 4.508249159
355.516152559 4.508040394
355.516880435 4.509422174
355.518647642 4.510468446
355.518762784 4.510790335
355.522930352 4.515269956
355.525653211 4.518244525
355.526545196 4.518407736
355.528309275 4.5200532330000005
355.535116375 4.528296006
355.536482946 4.529062306
355.537303532 4.5296948740000005
355.537368882 4.529682519
355.539352793 4.531598924
355.540708207 4.53328023
355.541368263 4.533859917
355.544322913 4.536886115
355.544406425 4.536799616
355.546773571 4.5392984080000005
355.547542555 4.53939641
355.555069882 4.547479271
355.55638318 4.548219839
355.559658191 4.552135035
355.563389133 4.555683265
355.563507221 4.555257656
355.565539266 4.557982366
355.566066246 4.557779723
355.567277018 4.559939369
355.56882736 4.561463174
355.569902237 4.56245684
355.574159954 4.567098622
355.577634026 4.570779592
355.583925016 4.57685021
355.583934456 4.577108135
355.584039595 4.576772056
355.584109574 4.577060337
355.586182261 4.578353111
355.59012719 4.58195301
355.591146615 4.583046179
355.592525044 4.585196165
355.593272572 4.586269759
355.594482121 4.5863823870000004
355.596990133 4.590199679
355.598796727 4.591899257
355.599991211 4.592847377
355.600631564 4.593152613
355.601439638 4.594040749
355.60635755 4.598243655
355.606419889 4.59809432
355.60700784 4.598827093
355.607315974 4.599604892
355.610535307 4.602965179
355.611685896 4.604037585
355.615308955 4.607957012
355.617024545 4.609450058
355.61718986 4.609345538
355.61806216 4.610362186
355.625329957 4.617875928
355.626058045 4.618725294
355.633687195 4.62535014
355.634912398 4.627375734
355.635527814 4.628570969
355.635919297 4.628404752
355.640324622 4.633031841
355.642306 4.63516715
355.642403667 4.635041897
355.642998989 4.634832692
355.644742572 4.637273767
355.649014659 4.641580571
355.650457296 4.642331997
355.652139577 4.644762204
355.655049723 4.646649036
355.656329938 4.648899926
355.657697556 4.650571305
355.659630401 4.652774457
355.664805155 4.657063466
355.66513586 4.657671255
355.66802611 4.660458389
355.668157665 4.659915328
355.670348205 4.662650801
355.675701472 4.668790179
355.675789893 4.667489162
355.677111416 4.668756943
355.677203705 4.669320809
355.682198862 4.674595471
355.682715282 4.67459177
355.686970493 4.678802828
355.687094204 4.679249053
355.687645776 4.680086155
355.691509802 4.68314895
355.692551317 4.685141918
355.693101556 4.685795737
355.696348831 4.688829613
355.697779209 4.69003116
355.698036395 4.6903417560000005
355.701295476 4.694407593
355.706347894 4.698225149
355.707756415 4.70036607
355.70808829 4.701222864
355.712531987 4.705033038
355.716810355 4.709264868
355.716916081 4.709431117
355.718006336 4.7106393010000005
355.718050866 4.710723893
355.718374326 4.711061599
355.720022538 4.711777591
355.722633815 4.715195401
355.723236087 4.716115704
355.724732849 4.716320433
355.727346116 4.719990195
355.732719032 4.725172325
355.734574893 4.726737501
355.736728152 4.728848983
355.740228949 4.73138915
355.740285619 4.732215944
355.741168 4.734081376
355.742519289 4.735578191
355.74538996 4.738035352
355.747370005 4.740326228
355.748847495 4.740593148
355.750055086 4.741905673
355.750627279 4.743880234
355.752024307 4.744909882
355.754364873 4.746660136
355.754499171 4.747178343
355.762665411 4.755079697
355.767995858 4.760417025
355.76919442 4.761095837
355.772357105 4.765178218
355.773394906 4.766223144
355.777031494 4.768902253
355.778574466 4.770728374
355.7786887 4.770932739
355.785188811 4.776895706
355.786867898 4.779851651
355.78885352 4.782012239
355.791002531 4.783607733
355.794764918 4.787187173
355.799733249 4.792115067
355.802491517 4.795468025
355.80323161 4.7947696
355.807258396 4.799792264
355.811712654 4.803929258
355.813062578 4.805995329
355.817365706 4.809090969
355.818179074 4.810035165
355.821068444 4.813785043
355.823744364 4.816179817
355.824935824 4.817084279
355.832683609 4.82478028
355.839256406 4.831567923
355.841416027 4.833250801
355.844092784 4.836342824
355.846023164 4.838091258
355.846571508 4.8382259990000005
355.848384235 4.841480225
355.851357513 4.843178756
355.855777545 4.847362936
355.857834837 4.849907935
355.86031808 4.852004879
355.863599247 4.856232908
355.868043524 4.860646885
355.876781645 4.869380881
355.8851761 4.877755931
355.903860289 4.896415547
355.910325049 4.9027708180000005
355.912168093 4.90464977
355.9188863 4.9105533
355.928414898 4.920778636
355.933456715 4.925632693
355.944399726 4.93598196
355.949727336 4.942309078
355.96948621 4.962509085
355.975499898 4.968113442
355.98139767 4.973459779
356.014384889 5.006485405
356.026423298 5.018934441
356.042870999 5.03547165
356.049319215 5.040896614
356.067177517 5.059699031
356.080992394 5.073324626
356.094181189 5.086289212
356.099890056 5.092457732
356.124180402 5.116289127
356.289416294 5.280797058
356.296587917 5.287273882
356.296785035 5.288362549
356.3027234 5.293919913
356.311046237 5.300877094
356.31297122 5.303051111
356.314368303 5.304522056
356.320402776 5.3119752590000004
356.320411359 5.310840326
356.320482575 5.310290876
356.320676679 5.311297439
356.325731353 5.316356973
356.327587338 5.318423693
356.329325824 5.320495574
356.334972748 5.325035396
356.335352892 5.325946994
356.336389913 5.327095721
356.339038262 5.3304738050000005
356.344077732 5.334710816
356.345982522 5.336866391
356.346745308 5.336840719
356.347546701 5.338991862
356.350787436 5.341636618
356.351278758 5.342149482
356.354295653 5.344820507
356.357268852 5.348337843
356.359610161 5.350302687
356.360506007 5.351084209
356.360705827 5.352200461
356.362048306 5.352584075
356.367027126 5.3575610860000005
356.370075018 5.361254233
356.371013901 5.361638441
356.373551628 5.364818428
356.375368137 5.365874766
356.375933556 5.366438705
356.376846584 5.367041954
356.381582678 5.371775716
356.38272433 5.374070648
356.384237767 5.374648866
356.385094538 5.375969683
356.391965435 5.3825761530000005
356.392757367 5.384495429
356.395802233 5.38589837
356.399610971 5.389476985
356.40010827 5.390751522
356.400620957 5.390812533
356.402520959 5.392990835
356.406821265 5.397026704
356.408655325 5.400294098
356.408829185 5.400349195
356.412460936 5.403025606
356.417564109 5.407833345
356.418741672 5.409264887
356.42470169 5.416267586
356.424897845 5.414745945
356.427717341 5.418185665
356.427739573 5.417904744
356.42825123 5.419901581
356.432158004 5.422804049
356.432594363 5.423082131
356.432724134 5.424276112
356.433774899 5.424602989
356.434854304 5.424945974
356.439182004 5.429944656
356.448279997 5.439105285
356.449610427 5.440185914
356.45289675 5.443637769
356.452976902 5.443802203
356.454757207 5.445937517
356.457698708 5.449332132
356.458410827 5.449211648
356.460074892 5.451236338
356.461235106 5.452426597
356.46246777 5.453023594
356.462899566 5.454323798
356.471038405 5.461421681
356.474355247 5.4644362
356.474457943 5.464973983
356.476736601 5.467509432
356.479785623 5.471458263
356.481419352 5.472003311
356.483332092 5.473825364
356.484103302 5.475816068
356.488667783 5.480310255
356.488807892 5.478897935
356.490268239 5.480718587
356.491116388 5.482322146
356.493201687 5.483643435
356.495541241 5.486116168
356.497018324 5.4876587390000005
356.500277821 5.490670946
356.500603195 5.491090139
356.505649046 5.496444146
356.506923498 5.497513605
356.509180698 5.499550479
356.511679357 5.5022674810000005
356.511841089 5.502501517
356.512988135 5.50368626
356.519173798 5.510602959
356.519393485 5.5101614130000005
356.520735774 5.5113514210000005
356.521940954 5.512436515
356.525502874 5.5169005
356.527636498 5.518399971
356.528722378 5.519247701
356.529761376 5.520315428
356.537087117 5.527663955
356.538476993 5.529111963
356.545109543 5.536606858
356.545551994 5.536081009
356.547400488 5.538028897
356.547465677 5.538215703
356.549320453 5.540703911
356.549502054 5.540678779
356.555595809 5.547104803
356.556716962 5.547188367
356.556868821 5.547432746
356.559446146 5.549819674
356.562027919 5.552573418
356.562697655 5.553190466
356.564297543 5.555115328
356.56479744 5.556001568
356.566802485 5.558008978
356.570083134 5.561300694
356.572596096 5.562282131
356.574123827 5.564565282
356.574272694 5.564838823
356.5754889 5.565582086
356.580081229 5.570840605
356.58381517 5.573972235
356.585846658 5.5760344790000005
356.586336505 5.577799837
356.589349906 5.579643687
356.592278577 5.582744248
356.595714417 5.586879897
356.600191745 5.591621621
356.604534618 5.595706972
356.606437408 5.597601156
356.609002431 5.599058892
356.609695273 5.600190136
356.611263498 5.60134739
356.615337473 5.606494545
356.615993586 5.606391371
356.617907732 5.608510013
356.619139167 5.610598617
356.62016837 5.611400999
356.621622255 5.611361315
356.629223884 5.620568889
356.630382662 5.620410615
356.633805335 5.625351896
356.634165676 5.624635371
356.635162286 5.626386896
356.638011686 5.628052531
356.639061181 5.629463637
356.643054925 5.633886391
356.643980409 5.63472994
356.645274893 5.636836117
356.647148637 5.637980586
356.649777724 5.639936572
356.652892276 5.643306255
356.657511364 5.647607125
356.65876298 5.649334674
356.659293646 5.650936874
356.666404699 5.656240107
356.666482358 5.656644868
356.666532967 5.65713044
356.668390872 5.659582651
356.673570379 5.663694433
356.674918356 5.66631983
356.676409652 5.667464143
356.678074347 5.66814984
356.681596986 5.672063259
356.682648224 5.674076814
356.68325893 5.6737160620000004
356.686690822 5.67720406
356.687240724 5.677709817
356.688963239 5.68040121
356.694623544 5.685208406
356.695452299 5.68553328
356.699572938 5.690379117
356.701919753 5.692758944
356.703865991 5.695539492
356.704225712 5.695422872
356.705308565 5.696092585
356.707352433 5.697416836
356.707916224 5.698745726
356.714700896 5.705073026
356.720425314 5.711875471
356.722995868 5.712857875
356.725413326 5.717068654
356.727964259 5.718425525
356.72957281 5.720375174
356.730460587 5.720531218
356.730464864 5.722001563
356.735789423 5.726338456
356.739670879 5.729816659
356.739893233 5.730548843
356.743518163 5.733560241
356.757220032 5.748028357
356.759076013 5.749958754
356.762843823 5.753681544
356.762961331 5.754020354
356.763018013 5.7535350350000005
356.767086102 5.75756314
356.768185943 5.759717475
356.771038064 5.761205487
356.772010731 5.763071295
356.773580591 5.765022111
356.778219374 5.768726108
356.781464043 5.772048398
356.800834063 5.791368553
356.803180067 5.7935425380000005
356.804473541 5.795292765
356.806053862 5.7974794030000005
356.809180486 5.800684554
356.81190551 5.801771626
356.81566717 5.806468477
356.828623053 5.819236237
356.829124698 5.819710839
356.83611213 5.827330975
356.837213197 5.828815593
356.837808401 5.828270214
356.847846835 5.839284561
356.857560701 5.8477310330000005
356.859387212 5.849545648
356.864834716 5.855232552
356.865593303 5.856097156
356.865711194 5.856227161
356.869905428 5.860388277
356.884123442 5.874604879
356.884465045 5.875882237
356.893929256 5.884708881
356.895188903 5.885252215
356.896087223 5.886652189
356.901525368 5.892267342
356.910347184 5.900893985
356.910449735 5.900560502
356.911363912 5.901935314
356.917837193 5.907873279
356.928165781 5.918260572
356.934091325 5.925148665
356.936151548 5.926703465
356.936632009 5.92727093
356.940890209 5.931750279
356.944908519 5.935582463
356.945469711 5.935517273
356.963217137 5.954432344
356.967167506 5.9579814110000004
356.970130658 5.961188819
356.975252135 5.966438878
356.983797589 5.974248296
356.989395346 5.980602556
356.997862166 5.9884767740000004
357.009207132 6.000076706
357.014746787 6.006245695
357.018551655 6.009744487
357.022160625 6.012675318
357.039161587 6.029687251
357.040286147 6.031699252
357.047992936 6.039218102
357.06885267 6.059504493
357.311015828 6.300514502
357.313737876 6.30321911
357.318496412 6.307449149
357.322834376 6.312619096
357.326599015 6.316090707
357.334903074 6.32342104
357.335723505 6.325089776
357.341919963 6.331746746
357.350860547 6.34037525
357.350981499 6.340447276
357.355300233 6.343439789
357.356082412 6.345021974
357.357121003 6.3446970050000004
357.359565513 6.347685598
357.363041016 6.352426221
357.363970847 6.351916726
357.364395735 6.353887618
357.36563614 6.35483259
357.369771093 6.359568379
357.373039866 6.361104052
357.373264961 6.361369473
357.376130913 6.364549459
357.380193649 6.368726194
357.380680937 6.369633411
357.384779718 6.37394159
357.385388882 6.373817628
357.388015263 6.377181764
357.391068184 6.380472925
357.39249143 6.380309426
357.392889648 6.382396008
357.3986285 6.386291063
357.40125527 6.388968722
357.40151852 6.390436718
357.402012244 6.391246738
357.4033516 6.392519448
357.404721417 6.394219317
357.408505014 6.398365248
357.4087496 6.397973047
357.410883378 6.399432305
357.41222005 6.402015744
357.414121079 6.40207659
357.415772579 6.404270144
357.423171887 6.4110953760000005
357.426894493 6.4158057280000005
357.429150846 6.418107395
357.429694297 6.418180052
357.435530191 6.425304378
357.43633953 6.424450875
357.437918439 6.427400058
357.440804131 6.430875919
357.441036806 6.430264691
357.444450974 6.433682706
357.446121919 6.435465812
357.446806326 6.436590866
357.448880404 6.4370195070000005
357.450599137 6.439863346
357.451676319 6.439421357
357.452060295 6.439582547
357.456991548 6.444836979
357.4577791 6.447258856
357.458168042 6.445800614
357.46325249 6.452947876
357.464377932 6.45365787
357.471110604 6.460913118
357.473243539 6.461210112
357.474047511 6.461475814
357.47451158 6.462183192
357.475366562 6.463019866
357.48130858 6.470646599
357.481605438 6.469067317
357.482226062 6.471156117
357.483716394 6.47319056
357.484864047 6.474067376
357.490844326 6.479795112
357.498250734 6.488069813
357.498450947 6.485835949
357.499594284 6.489651322
357.503354718 6.490712492
357.503434828 6.492876681
357.506130498 6.495593135
357.507014713 6.496706763
357.507216182 6.497292456
357.508623671 6.498453705
357.509587675 6.497385784
357.51344079 6.500976844
357.516534862 6.504064493
357.520177684 6.509629733
357.52339023 6.5126601520000005
357.52591569 6.515725709
357.526066704 6.5152609980000005
357.53112134 6.519598637
357.53259469 6.521796844
357.532763488 6.522628258
357.533094656 6.521106065
357.533316716 6.521787003
357.538545058 6.526330039
357.539308505 6.528592092
357.541641321 6.531440142
357.546707075 6.53591288
357.550350032 6.53955707
357.550380502 6.5382506639999995
357.553735889 6.543171781
357.555258423 6.542597224
357.557062472 6.54510928
357.558057029 6.546151896
357.55885782 6.548091654
357.558877938 6.548310982
357.559395025 6.547999367
357.562635608 6.551973171
357.564843111 6.552326376
357.566209924 6.553422828
357.575219564 6.564398648
357.581231124 6.570935789
357.582846866 6.572329588
357.584062219 6.5726603180000005
357.584785636 6.574117346
357.586998406 6.575969374
357.587499439 6.5766604520000005
357.590043758 6.57925408
357.590132166 6.579923203
357.591131906 6.578740132
357.593640435 6.58287916
357.595991708 6.58494086
357.597737498 6.585885918
357.599635232 6.588803866
357.6019387 6.591445603
357.604312606 6.591902569
357.606714095 6.594359975
357.609176465 6.597015196
357.613032721 6.602181514
357.613591172 6.602775624
357.613669237 6.601407421
357.617608307 6.605191796
357.619087985 6.608584374
357.626341011 6.616146932
357.626539926 6.615735567
357.633424444 6.623208999
357.6367254 6.626209281
357.636732107 6.625683223
357.640453137 6.629008087
357.644008487 6.633106488
357.644028672 6.63324086
357.646613903 6.635771161
357.651036193 6.640541984
357.653344504 6.642326817
357.653399059 6.641960898
357.65369455 6.643646507
357.654105508 6.642123684
357.658504642 6.64657973
357.658794595 6.646618463
357.659894222 6.647931948
357.660500266 6.649085144
357.671647449 6.660155511
357.677591296 6.667275623
357.677709322 6.667200463
357.678140856 6.667369953
357.680018834 6.669448729
357.68112576 6.67097507
357.685415428 6.673306773
357.68596272 6.674295058
357.68853455 6.676265592
357.689449907 6.67918136
357.696543299 6.686008392
357.702820609 6.692190899
357.702841787 6.692072986
357.704915234 6.69300008
357.707176082 6.696893007
357.709033275 6.696740609
357.709429196 6.698839566
357.709511164 6.698922822
357.71477417 6.704237322
357.716462871 6.704802115
357.718336665 6.707630755
357.719662686 6.709410126
357.72472847 6.714199541
357.725910311 6.714063732
357.727052093 6.71600135
357.735599787 6.723278946
357.73920315 6.728627337
357.747339718 6.736613307
357.752486629 6.742188749
357.753157942 6.742456884
357.754034441 6.743248259
357.760931868 6.748905048
357.763574787 6.753255147
357.763656768 6.753072128
357.767513496 6.756496801
357.775478048 6.762716449
357.775836248 6.76555751
357.781896522 6.771112335
357.790778107 6.780487636
357.791227634 6.780373822
357.79551806 6.783281501
357.796360641 6.786427646
357.796726536 6.785915484
357.801907508 6.789855363
357.803965138 6.793475755
357.804319045 6.792043785
357.810617581 6.800370915
357.818744692 6.808160148
357.822863161 6.811269586
357.82408604 6.812974635
357.828196911 6.816679113
357.829501897 6.817946107
357.831956714 6.82031873
357.836212199 6.825940019
357.840297035 6.829479536
357.847805814 6.835919056
357.851387756 6.840849236
357.852364618 6.840904613
357.854296747 6.84382172
357.855099142 6.84425194
357.859063153 6.848421503
357.859887701 6.848269871
357.881163985 6.865659102
357.881391045 6.868941644
357.881749143 6.871436417
357.88621819 6.87401641
357.886317589 6.875791596
357.890325792 6.879502553
357.903220156 6.893269764
357.904266917 6.892293135
357.911834084 6.901705216
357.912193103 6.900098232
357.921384019 6.909896844
357.931779347 6.921553525
357.941052494 6.930184611
357.941787712 6.931635445
357.948171511 6.935241103
357.956977561 6.945546055
357.962833988 6.952033285
357.977427947 6.96664435
357.982235102 6.970581932
357.982351351 6.970447891
357.991463978 6.978693685
358.012927889 7.002425461
358.021626731 7.009112647
358.041227762 7.030442755
358.327398883 7.313129117
358.344758815 7.330669539
358.344832567 7.331223888
358.346678695 7.333842781
358.350685084 7.336421404
358.354656201 7.341281448
358.355750962 7.341515581
358.358140116 7.34392735
358.361975399 7.347915548
358.365850089 7.3529391
358.367922501 7.353756168
358.37032289 7.356641927
358.374231547 7.360948264
358.375086954 7.360901751
358.378569487 7.364944226
358.382871393 7.368657646
358.384831099 7.371976406
358.386415862 7.373209611
358.386531887 7.37242261
358.391588819 7.377334022
358.396396933 7.3829209
358.396709187 7.382791408
358.39895657 7.385145831
358.400787533 7.386542037
358.403457054 7.389257325
358.409078739 7.396142138
358.409513679 7.396350772
358.413267939 7.3991261900000005
358.415235314 7.401141915
358.415560956 7.401828638
358.416939708 7.403803561
358.419048692 7.404835411
358.42090679 7.408192631
358.423803799 7.409903819
358.424246801 7.41015586
358.425423056 7.412042852
358.426377309 7.412650284
358.432171037 7.418518517
358.436082548 7.421828475
358.437341308 7.423055552
358.437394905 7.422715694
358.440749431 7.42663354
358.443129484 7.428474022
358.446028536 7.431706102
358.44781333 7.43324476
358.448528155 7.435280571
358.452708543 7.438915922
358.454151715 7.441491785
358.456128561 7.44349369
358.462355288 7.44821152
358.462438426 7.448138253
358.463594686 7.449301256
358.469765633 7.456219412
358.470198879 7.455976924
358.470711905 7.45643475
358.472636239 7.458795365
358.473333154 7.459165831
358.479636299 7.465366406
358.47975036 7.466436014
358.480903865 7.46778731
358.481021882 7.466959355
358.48285576 7.468341261
358.483430295 7.469857537
358.485223317 7.472102709
358.485920893 7.473375464
358.487572159 7.473441591
358.48840183 7.4750021
358.493158667 7.478995584
358.495448426 7.482941887
358.50243777 7.490188202
358.502812389 7.488635139
358.504695265 7.490755104
358.505742982 7.49196192
358.508294238 7.49407482
358.508922563 7.4951545710000005
358.511170886 7.497970776
358.514062835 7.499890036
358.51453356 7.500812788
358.517732583 7.50305032
358.519398607 7.506344375
358.526254726 7.513529367
358.531919315 7.5190002830000005
358.534536843 7.520389641
358.534670641 7.519991078
358.534796857 7.520573583
358.536552854 7.522279066
358.536727733 7.522656877
358.538297389 7.525189584
358.542683383 7.529974446
358.543074859 7.529611978
358.543792617 7.530259465
358.544060197 7.529909507
358.550373761 7.53623648
358.551766531 7.537711093
358.552856015 7.538577831
358.55827781200003 7.544099561
358.55985606 7.545162518
358.561340537 7.548474096
358.561779595 7.548678712
358.564669296 7.550377477
358.565940419 7.552619055
358.567129904 7.553925459
358.571340996 7.558076259
358.57267271 7.560040161
358.577230958 7.562608571
358.578810061 7.566117501
358.58205896 7.567830203
358.587137667 7.573997829
358.587275304 7.572976905
358.588433385 7.574199094
358.588607207 7.574346417
358.590569308 7.577439082
358.59388941 7.580443738
358.596529649 7.583971018
358.597083403 7.582809174
358.598637897 7.584571767
358.605649208 7.590888542
358.606506523 7.592348307
358.611451283 7.597713203
358.611546362 7.59727839
358.612902294 7.598701666
358.613909856 7.600308056
358.614959951 7.601292781
358.619295303 7.6063527
358.620645973 7.60720671
358.621431936 7.607298889
358.622501812 7.609174417
358.622662002 7.6100718050000005
358.627326553 7.613011918
358.627751223 7.613139095
358.636550257 7.622398718
358.637537113 7.623562721
358.639107123 7.626663411
358.639213545 7.625558344
358.639794905 7.6262752
358.645066677 7.630762655
358.645269747 7.6315259950000005
358.647643942 7.634129433
358.647757965 7.634898309
358.64938911 7.63611075
358.65465606 7.640593616
358.664311955 7.651641226
358.666830411 7.653793581
358.668090501 7.654811149
358.67036885 7.656399744
358.671540955 7.657460631
358.674032074 7.65945988
358.676519241 7.6632326840000005
358.678678883 7.665024896
358.68014691 7.665765246
358.681559882 7.668655732
358.681966358 7.669465603
358.683555465 7.669369171
358.684728569 7.670477376
358.687832867 7.674595294
358.688469863 7.674194347
358.689434992 7.676218701
358.696652164 7.683558065
358.70067806 7.686875086
358.704548169 7.690008047
358.707441297 7.693299731
358.709086002 7.695690317
358.709149675 7.695001812
358.711720957 7.698332493
358.712416918 7.699178509
358.712937676 7.700068625
358.714781772 7.700282551
358.721243053 7.706946746
358.722376579 7.707816548
358.722782776 7.709246124
358.727308671 7.714454238
358.729060087 7.715002514
358.73548314 7.722268828
358.735741306 7.722425928
358.736002767 7.722136267
358.737536136 7.723220247
358.738958126 7.726157622
358.740934059 7.727707346
358.746117679 7.732910079
358.747545082 7.733350153
358.749038422 7.736472652
358.751325289 7.737252439
358.753710514 7.739782205
358.759784035 7.745507915
358.760531219 7.746832324
358.763861232 7.749734721
358.768582287 7.754477571
358.768796315 7.754639926
358.771718179 7.758399616
358.778238302 7.765189923
358.779333541 7.7658078360000005
358.77973077 7.765873263
358.786815602 7.773106286
358.78966388 7.7766212
358.795380122 7.782313601
358.802323136 7.788850216
358.803109315 7.790747115
358.803855367 7.789195
358.80642268 7.792971031
358.807275161 7.792901797
358.808710545 7.795124474
358.808962703 7.796225468
358.809954791 7.797524717
358.815028932 7.801231722
358.817330573 7.804076271
358.817839212 7.805217516
358.823931674 7.80983889
358.826527879 7.812587774
358.829200792 7.815350385
358.832859552 7.819450402
358.833619017 7.819843982
358.834427033 7.819850957
358.83695559 7.822658674
358.839609953 7.826106587
358.843758118 7.8302480590000005
358.846113463 7.832905549
358.852059109 7.838165716
358.856159091 7.842547455
358.856400187 7.842099624
358.864183647 7.850055178
358.865822491 7.852454552
358.869467989 7.85521967
358.871623363 7.857958556
358.875844556 7.861159043
358.878465751 7.865945625
358.887842482 7.874647949
358.896581641 7.883886171
358.898258333 7.884059507
358.901108339 7.886976267
358.906243032 7.8921277750000005
358.908999912 7.896056234
358.914035367 7.9012281
358.921794884 7.907334971
358.92310222 7.910307372
358.925011544 7.911666355
358.931542496 7.917448963
358.933024446 7.919813746
358.950816002 7.938034164
358.953582429 7.940997394
358.957755852 7.944458335
358.960605769 7.947149058
358.964117864 7.949999077
358.968662125 7.955824509
358.969409234 7.955238045
358.993303263 7.980070107
358.997144099 7.983904587
359.003235818 7.989972634
359.021769528 8.008190368
359.02712217 8.01340854
359.047554102 8.033477078
359.060183442 8.046963017
359.067144675 8.054369045
359.288223647 8.273659078
359.29581381 8.279750226
359.312615671 8.297431551
359.32170825 8.305603471
359.334672333 8.319076827
359.337234381 8.321957266
359.340044597 8.324719042
359.344282903 8.329626211
359.345199653 8.329581992
359.349082679 8.333455542
359.350837806 8.335878802
359.354817797 8.339041247
359.361058845 8.344979694
359.361550638 8.346203882
359.367631551 8.352901979
359.369896683 8.354574439
359.376129138 8.361374518
359.376567289 8.360562174
359.376782946 8.362040305
359.383913591 8.368181018
359.385877349 8.371180207
359.386584735 8.371630561
359.391854801 8.376925253
359.394634676 8.37855152
359.394870768 8.379074802
359.399523119 8.384351115
359.39978459 8.383711327
359.403268707 8.388036252
359.405035441 8.389788251
359.406072438 8.390934573
359.410051133 8.395098235
359.41146339 8.395741327
359.419077628 8.403114698
359.420718025 8.406073026
359.422620458 8.408185979
359.42415107 8.408370526
359.428387038 8.413061406
359.430616019 8.415010018
359.431208182 8.415982939
359.432601538 8.416568907
359.43538842 8.419219373
359.436624848 8.421335213
359.437621073 8.422752011
359.438255323 8.422964561
359.439757571 8.42489726
359.443395274 8.428751802
359.445123372 8.429842945
359.446922344 8.430689812
359.45311281 8.437903004
359.453546396 8.436958044
359.458982687 8.443438759
359.459533686 8.443450598
359.460372849 8.444739447
359.464251941 8.448073344
359.466369951 8.450208822
359.467137378 8.452408509
359.468635194 8.453827826
359.472304922 8.457565866
359.474398733 8.459264383
359.475999386 8.460385705
359.476982732 8.461799603
359.478560344 8.462535376
359.480149433 8.464115374
359.481627835 8.466200604
359.484090235 8.46836606
359.484318783 8.468915929
359.484570082 8.46981
359.48733578 8.471699624
359.491950744 8.476318746
359.49304357 8.478086918
359.498195394 8.482657306
359.499468768 8.483864435
359.504463445 8.488415843
359.504679755 8.489348782
359.509356817 8.493340581
359.510820339 8.494727441
359.514407258 8.499689881
359.514559819 8.498568975
359.514997114 8.499007298
359.518771982 8.50304881
359.519320715 8.504017858
359.521131935 8.505718436
359.522227522 8.507498707
359.525536322 8.510850857
359.52837848 8.512861033
359.532127307 8.51682724
359.535185926 8.520000686
359.538089422 8.522457542
359.538510326 8.522403104
359.543792296 8.527823208000001
359.544037551 8.529152271000001
359.544160232 8.528206282
359.544820558 8.528844808
359.545492576 8.5306771
359.549806464 8.533800373
359.553277416 8.538105241
359.557680132 8.542166489
359.56110504 8.545003354
359.562080181 8.546796331
359.563834251 8.548332025
359.565325249 8.549869088
359.567970682 8.552669347
359.569043759 8.553745074
359.569133793 8.554491632
359.572881772 8.557704932
359.576186989 8.559979953
359.581350986 8.566130329
359.583311068 8.567692299
359.586085941 8.571535332
359.587290343 8.571979108
359.587662068 8.57163935
359.590619744 8.575022665
359.591367412 8.576545853
359.592764653 8.577840695
359.592767761 8.576771052
359.594062719 8.578259004
359.594769045 8.579532686
359.599785811 8.583970677
359.600391312 8.585460719
359.606061264 8.590838515
359.610627214 8.595307011
359.612200039 8.596461539
359.612754579 8.597754953
359.613651518 8.598134906
359.61691736 8.602210009
359.620545048 8.604905957
359.621553403 8.605761351
359.622977158 8.606906581
359.623131265 8.607404094
359.626661588 8.611950023
359.627381394 8.612445164
359.628995739 8.614390155
359.629645775 8.613589908
359.629988652 8.613767242
359.634092098 8.617872121
359.636045675 8.620033899
359.641567646 8.626091633
359.646028462 8.630715074
359.649521226 8.63544306
359.650058099 8.634477511
359.65122841 8.635632681
359.651585039 8.63635296
359.656679825 8.641160781
359.65714046 8.641853242
359.658886283 8.643141954
359.660852119 8.644756679
359.664696625 8.64943499
359.669523247 8.654280149
359.669605343 8.653971942
359.672508062 8.657816351
359.677412674 8.662143592
359.677739309 8.662478273
359.678912946 8.664228176
359.67991302 8.665247975
359.68480684 8.669004415
359.684853594 8.668656751
359.691273852 8.67554306
359.695468896 8.680254186
359.695552531 8.680378581
359.695753792 8.681509352
359.701742471 8.686428057
359.702567841 8.686761171
359.702910865 8.687578013
359.702999568 8.687460355
359.7040431 8.688854572
359.707912231 8.693205681
359.708216 8.691797342000001
359.710669414 8.695730836
359.713658917 8.699114523
359.715653186 8.700966949
359.71884209 8.7030706
359.719038066 8.703428269
359.721548907 8.705456503
359.724025332 8.708775073
359.726420922 8.711772936
359.732491298 8.717830546
359.732860609 8.716644224
359.73411777 8.718588353
359.734667417 8.718573269
359.737116278 8.721566404
359.738194108 8.72220902
359.738385578 8.722331702
359.738534395 8.723221245
359.743831308 8.727767285
359.753271798 8.737664713000001
359.754358785 8.73942201
359.759275482 8.744535933
359.759729373 8.74479989
359.7599582 8.743882078
359.761317168 8.746329124
359.762182834 8.747196205
359.763460125 8.747335104
359.765998349 8.749978317
359.766303565 8.750981557
359.767204328 8.751883513
359.769788285 8.754298089
359.770681874 8.754556147
359.776082135 8.761469374
359.778023956 8.763273329
359.785981045 8.771283846
359.789749608 8.774979695
359.791204685 8.775391446
359.79180158 8.776859288
359.793869931 8.777816855
359.796453549 8.781237802
359.798244615 8.783611187
359.80075921 8.784997883
359.807160084 8.791621232
359.807795495 8.792076373
359.809185499 8.793435188
359.812317823 8.796597443
359.813744707 8.798544377
359.814764304 8.798697909
359.815791342 8.799787373000001
359.818509794 8.802747514
359.820155851 8.805437962
359.820302001 8.804539179
359.822316235 8.806841406
359.824801926 8.809187288
359.825158256 8.809862747
359.825252411 8.809918339
359.830173649 8.814198703
359.830630881 8.816080206
359.833950343 8.819115301
359.837325388 8.821284262
359.837404968 8.82213162
359.849319724 8.834174624
359.85123667 8.835240801
359.854196975 8.838965293
359.85838311 8.842355303
359.860078315 8.845220079
359.861815177 8.845772189
359.861855416 8.846101556
359.86307941 8.848116467
359.869488182 8.855320911
359.878656555 8.863120562
359.879386594 8.864389694
359.885904081 8.870666242
359.886572368 8.871235447
359.887036432 8.872743117
359.893350095 8.878388202
359.897745374 8.882432911
359.903101737 8.887849323
359.910685012 8.895730924
359.911679735 8.896490826
359.920316916 8.905047485
359.921189805 8.906696026
359.925422208 8.910771844
359.942999247 8.927246409
359.943289154 8.928422181
359.949019821 8.934307969
359.949936617 8.93416709
359.959074165 8.943604701
359.965285088 8.950657949
359.968023574 8.953057273
359.972515817 8.957815919
359.987901958 8.973167088
359.992771542 8.977526339
359.996875052 8.981292027
360.00350829 8.988699652
360.011773366 8.997147084
360.019690103 9.004871305
360.027372104 9.011356246
360.030273571 9.014452943
360.293930636 9.276094227
360.300288999 9.282769692
360.316038194 9.299173518
360.330195094 9.312638601
360.330574091 9.313581053
360.33832474 9.320040816
360.340062068 9.323162195
360.341676357 9.324960535
360.350375521 9.331979684
360.350482473 9.331655206
360.354039767 9.336292228
360.356719122 9.338548257
360.3608866 9.344888728
360.361094179 9.34312621
360.363565835 9.345752731
360.367661651 9.351539996
360.36975149 9.352640522
360.374814022 9.358586012
360.376335428 9.359599472
360.377863621 9.361153029
360.379535505 9.361891251
360.383108522 9.365304007
360.38482004 9.367226521
360.385269499 9.367280899
360.388287707 9.371216496
360.391650131 9.375180716
360.401300654 9.384600151
360.401336 9.383078157
360.40167654 9.384992054
360.403859463 9.385649428
360.408104136 9.389330858
360.408659692 9.392543924
360.409238652 9.393086001
360.409309843 9.393177423000001
360.414547347 9.396268375
360.417168489 9.400371351
360.420221014 9.402881992
360.423788382 9.407679134
360.424380077 9.408179327
360.426041237 9.409277843
360.429587045 9.412695422
360.430355518 9.413933432
360.43448143 9.418479388
360.434894197 9.416712717
360.435907665 9.419908644
360.436746008 9.418945039
360.443201146 9.42480102
360.444962221 9.427383998
360.445221862 9.426784706
360.445930714 9.428339155
360.447685527 9.429721678
360.45226966 9.435835286
360.453212066 9.436428652
360.455604071 9.437780072
360.457124165 9.439818943
360.460834045 9.442677429
360.463508332 9.445765899
360.463745756 9.447507726
360.466473451 9.448653889
360.468749862 9.450516037
360.47143762 9.453426486
360.472283904 9.455532006
360.473254861 9.456357667
360.474218608 9.45581606
360.475939908 9.457557538
360.478119559 9.4607909
360.479528964 9.462798467
360.481192537 9.464417472000001
360.483138146 9.464475546
360.484093254 9.466405678
360.486639466 9.470405825
360.488176725 9.471319281
360.491472754 9.473306363
360.493986841 9.475910162
360.494632451 9.476609981
360.498054503 9.481846708
360.499154631 9.481101434
360.502191364 9.485994964
360.502349731 9.486290094
360.508711085 9.490313847
360.513080402 9.494986588
360.513180915 9.496587294
360.51506411 9.497007942
360.515549541 9.498823984
360.5172546 9.501041399
360.520435021 9.503941689
360.520657204 9.501924173
360.520732457 9.503842983
360.521769215 9.503959973
360.525942203 9.509223833
360.528615206 9.510180438999999
360.5367797 9.520178291
360.539139075 9.521371693
360.539857479 9.521512464
360.543839377 9.525830534
360.544848228 9.528599177
360.545722054 9.529597341
360.546155203 9.528941053
360.54659862 9.528545004
360.54857468 9.53024362
360.54988098 9.533762524
360.55311268 9.534804312
360.553330849 9.535131128
360.556288701 9.538406924
360.560104599 9.543396544
360.560540518 9.544466807
360.563719025 9.546142488
360.566269181 9.548599945
360.566709303 9.550227355
360.568103736 9.551903067
360.570040792 9.553042258
360.573353483 9.556438628
360.573800127 9.555602893
360.575270141 9.55824133
360.575569752 9.559402406
360.576209371 9.558316737
360.576335907 9.557921648
360.583392452 9.567175215
360.583402528 9.567362881
360.589325934 9.573087988
360.591326441 9.57341654
360.596579021 9.577885913
360.597145421 9.580352684
360.598659553 9.580807195
360.601517229 9.584835654
360.605523297 9.588262684
360.606312904 9.589617042
360.607029995 9.590781461
360.612456529 9.596368475
360.612625687 9.594619827
360.615652074 9.597757804
360.622277331 9.605669822
360.622362825 9.605945606
360.62465125 9.607061035000001
360.626636371 9.609875286
360.628708578 9.610472513
360.630824512 9.614234946
360.630937765 9.614032367
360.631205301 9.614462488000001
360.633029538 9.614963202
360.635176005 9.617446215
360.63616471 9.620059806
360.637632907 9.62067263
360.641976361 9.624111056
360.64631088 9.627690841
360.64646585 9.628537153
360.648877358 9.632136016
360.652553697 9.636455023
360.654432453 9.637394238
360.655633463 9.637677021
360.660192597 9.642208827
360.663758131 9.645834221
360.664169194 9.646026889
360.66735614 9.649369989
360.669682093 9.651395149
360.671803797 9.653550043
360.672803119 9.654698972
360.672810573 9.654487642
360.676685067 9.659292547
360.677385195 9.65986274
360.678354663 9.66224371
360.681964583 9.663969581
360.68500568 9.668205649
360.690773841 9.672588452
360.691206977 9.67410954
360.692805641 9.675246197
360.692932892 9.674900516
360.69887357 9.680714601
360.698969541 9.681200224
360.699226815 9.681870491
360.701252741 9.685144049
360.704689866 9.687999125
360.709368952 9.692283597
360.709966113 9.692843852
360.71609716 9.698905829000001
360.718105057 9.701942719
360.718137723 9.700100728
360.720237769 9.701968742
360.721192962 9.705035325
360.724783608 9.706413714
360.72531703 9.707180087
360.726823033 9.710685087
360.72926409 9.711368074
360.733181828 9.716338833
360.737499759 9.719359717
360.738687424 9.720447344
360.740998064 9.723388939
360.742547658 9.725344944
360.744018078 9.727338076
360.74651576 9.728941723
360.748939087 9.730639811
360.75069667 9.734233375
360.75460472 9.73773223
360.755661102 9.736652167999999
360.756214623 9.737929101
360.758748089 9.739786654
360.763030443 9.745487008
360.763715946 9.746920871
360.76720615 9.749225889
360.769480146 9.752726599
360.777625255 9.760840763000001
360.778045635 9.761557572000001
360.784802906 9.767492198
360.789642088 9.773561519
360.789705804 9.772558692
360.793102869 9.77629623
360.796455005 9.78038714
360.796656373 9.777944667
360.805220078 9.788497159
360.814870809 9.798143053
360.818690688 9.800338135
360.819894395 9.802669217
360.822461659 9.804809928000001
360.824998822 9.807244969
360.829291784 9.810991622
360.830418399 9.812354346
360.835312755 9.818016976
360.836063095 9.818042572
360.844339045 9.826582681
360.847787062 9.831584261
360.849039821 9.830841444
360.850201511 9.832964186
360.856900787 9.838943611
360.858314764 9.841436718
360.858382268 9.841684432000001
360.870248097 9.854068508
360.873017181 9.856244908
360.876040244 9.857725091
360.876504429 9.858436065
360.878461427 9.860621246000001
360.885287294 9.868406227
360.885387238 9.867855254
360.899580782 9.883160768
360.909453097 9.89113296
360.913644752 9.895373331
360.916817037 9.898499441
360.917953347 9.899976629
360.924341241 9.906668196
360.927427935 9.910648581
360.935193709 9.918479742
360.935279104 9.917644283
360.941548119 9.925503921
360.941920243 9.925444132
360.949474248 9.931305076
360.954875786 9.937898898
360.965297743 9.947761307
360.966641946 9.950463654
360.974480184 9.958034035
360.974976526 9.957316721
360.981360391 9.964627142
360.990112078 9.973884935000001
360.998595577 9.980525016
361.0160043 9.998350562
361.022547592 10.004236687
361.040834161 10.022168349
361.050750388 10.032410261
361.070653041 10.052613356
361.079291431 10.062838299
361.097317245 10.080067961
361.105398124 10.087499483
361.122350807 10.104470411
361.131488914 10.114196246
361.14798297 10.130074891
361.157391992 10.139309225
361.17403081 10.157017715
361.295563533 10.277215939
361.303853831 10.285159263
361.325327397 10.305224949
361.331785802 10.312065036
361.35041304 10.331621561
361.354912895 10.335784539
361.358116585 10.338048818
361.358672278 10.338002845
361.360075168 10.34030366
361.361682925 10.341981451
361.366895281 10.346886021
361.369543962 10.350388664
361.375648366 10.356041428
361.377119587 10.358433676
361.378932704 10.358332022
361.38275766 10.362309321
361.383590383 10.364926032
361.386224277 10.366614658
361.389521723 10.369789974
361.391723745 10.372799482
361.395592481 10.376425412
361.399124902 10.379291865
361.401455733 10.382371799
361.402658619 10.383676582
361.407555425 10.387049894
361.408626532 10.389590906
361.40979621 10.390110571
361.412338505 10.392743261
361.418510778 10.398482825
361.419937812 10.399494599
361.422104357 10.403246991
361.423537472 10.40370698
361.423923896 10.403281866
361.425361453 10.404898739
361.428234244 10.407703454
361.430468959 10.411398457
361.430925957 10.412251691
361.435371058 10.414958844000001
361.438919155 10.418304229
361.44082822 10.422439733000001
361.443778772 10.424362565
361.445921538 10.425532235
361.447020703 10.428660472
361.448457703 10.430018747
361.449096707 10.429716462
361.451468312 10.432336517
361.455902708 10.435784799
361.455997366 10.436801627
361.458285263 10.439261025
361.461566415 10.441533319
361.46675099 10.446694429
361.467119434 10.447920813
361.467843695 10.449239984
361.470283523 10.451468523
361.47286596 10.453457205
361.47449153 10.455411761
361.480501064 10.461008211
361.480648412 10.461237566
361.482378355 10.463477874
361.482461309 10.46206769
361.486628577 10.466285121
361.486859322 10.467400327
361.486869505 10.467806184
361.487544268 10.468166789
361.488149937 10.469112825
361.490531895 10.470947174
361.493824536 10.474738471
361.493913197 10.473419843
361.494347007 10.475232624
361.501050949 10.481310393
361.506938532 10.486818244
361.509865193 10.491224233
361.509965429 10.490966621
361.511596059 10.491931587
361.515445678 10.49509035
361.515648603 10.496522223
361.51718446 10.498776113
361.51901889 10.498957988
361.51937906 10.499696853
361.523371121 10.502984982000001
361.52374711 10.503565868
361.523839853 10.504100274
361.532279802 10.512836122
361.532441031 10.511927328
361.533638556 10.51404547
361.539849717 10.521733618
361.539969709 10.51954227
361.540061403 10.521247614
361.543010619 10.523957435
361.544404005 10.524220371
361.546869918 10.526794065
361.548088832 10.52773829
361.548776919 10.530144558
361.549656643 10.530176238
361.554720226 10.535300528
361.555024247 10.535837813
361.555128871 10.536117578
361.555248878 10.536225948
361.562046572 10.542238373
361.565683828 10.547005482
361.571511585 10.552351349
361.57202844 10.552933371
361.574600593 10.554871269
361.575259169 10.555106766
361.57705014 10.556986093999999
361.580521748 10.561036615999999
361.580969449 10.561155389
361.581006001 10.561008273
361.584136525 10.563759634
361.584656834 10.565056722
361.588343064 10.568960598
361.592250295 10.573321988
361.595847086 10.576356019
361.597101277 10.576623556
361.599304579 10.580308466
361.600186873 10.579769898
361.600625819 10.581050062
361.602572372 10.582938369
361.605214568 10.586106968
361.606210725 10.587092635
361.608084238 10.588982431
361.609562686 10.592558546
361.609825877 10.589421707
361.618021765 10.598549318
361.618110635 10.599197722
361.619507418 10.599061755
361.619876377 10.600195807
361.625673472 10.607288328
361.627094646 10.607077474
361.628061618 10.607600404
361.629741723 10.610300171
361.630499686 10.610743002
361.634549733 10.615693509
361.635548098 10.616413755
361.640383593 10.619968208
361.644160996 10.624368557
361.647091444 10.628122254
361.64887329 10.630460574
361.650377629 10.629825554
361.65400938 10.633544162
361.654121214 10.634998487
361.65528167 10.636539716
361.657162863 10.637555555
361.657396679 10.637355935
361.657645131 10.63825632
361.659807035 10.640305772
361.662145486 10.643950942
361.664181153 10.644559528
361.668479926 10.649633673
361.675870211 10.655710371
361.676149751 10.656449776
361.677797432 10.657389872
361.680523789 10.660523672
361.68251489 10.663869736
361.682598293 10.663810723
361.684793361 10.664336248
361.685397137 10.666173692000001
361.685736607 10.665377136
361.688207935 10.668719656
361.689218231 10.670222712
361.692987716 10.673601606
361.702981935 10.682929019
361.703097915 10.682562527
361.703529796 10.684345516
361.711390023 10.691369349
361.711505425 10.691105936
361.711656087 10.692591111
361.712168419 10.692409999
361.712594691 10.69342523
361.716111565 10.695612245
361.723250147 10.704309553
361.72773596 10.707571007
361.727890526 10.707780774
361.732301497 10.712826816
361.740490299 10.721333522
361.743454775 10.72480126
361.74354662 10.724336207
361.747425208 10.726933073
361.754644991 10.734573175
361.754840264 10.735757239
361.755546933 10.735792046
361.759366749 10.739987783
361.76125745 10.743103347
361.762573965 10.742741595
361.766809372 10.746276577
361.769638727 10.750453576
361.772325081 10.752382866
361.781849739 10.762294704
361.785461506 10.765092096
361.793173323 10.774330866
361.793222673 10.772889976
361.796630014 10.776941865
361.799624412 10.781356916
361.799789105 10.780096928
361.802404841 10.781923267
361.804874589 10.785476631
361.807362243 10.786979051
361.808194648 10.787615053
361.814542114 10.794367705
361.822318919 10.802745055
361.829449778 10.810307587
361.831470763 10.81091788
361.838895361 10.819698197
361.84998904 10.830938994
361.850771174 10.83167812
361.855587847 10.836184511
361.856143181 10.836056237
361.862881022 10.842869233
361.86899447 10.848544346
361.875278268 10.854604307
361.889777936 10.869749366
361.897911746 10.878770871
361.8984674 10.878660918
361.907617628 10.888190235
361.917827231 10.897747598
361.926530626 10.90788389
361.942356013 10.92198396
361.949645899 10.92953232
361.967758284 10.949036175
361.976929287 10.95714488
361.994253772 10.974841118
362.002034272 10.983366108
362.018780719 10.999854147
362.028216541 11.008421929
362.046025549 11.027141939
362.051455427 11.031863553
362.070586666 11.049932393
362.079608424 11.058931507
362.096694048 11.076645567
362.105846079 11.086664234
362.125006018 11.105999479
362.301180247 11.280712212
362.30898726 11.288380579
362.326079598 11.305620974
362.335469629 11.314865172
362.355089325 11.334444108
362.36389463 11.343201695
362.378450729 11.357933374
362.383234639 11.362525278
362.414398957 11.3937508
362.414529049 11.394054366
362.417316958 11.396637431
362.418994204 11.398282766
362.4204999 11.39981048
362.422735039 11.402244951
362.426576274 11.406146893
362.426989027 11.40625691
362.438180623 11.41754577
362.445102812 11.424516125
362.445886091 11.425126554
362.446837377 11.426243797
362.453636454 11.433160099
362.454717922 11.434177564
362.462520419 11.441888944
362.469434494 11.448738638
362.473320119 11.452702716
362.475522987 11.454862117
362.481351353 11.46065109
362.483249917 11.462575077
362.488254119 11.467531649
362.49389265 11.473371546
362.503193053 11.483041606
362.504303769 11.483550845
362.510021633 11.489235297
362.52389757 11.503238556
362.533472057 11.51279025
